=~=~=~=~=~=~=~=~=~=~=~= PuTTY log 2026.08.10 17:36:38 =~=~=~=~=~=~=~=~=~=~=~=
2566,82001396,49845.61,27.52,-1.042,0.316
2568,82061394,49843.74,27.51,-0.993,0.321
2570,82121395,49845.14,27.51,-0.966,0.654
2572,82181395,49845.27,27.51,-0.988,0.383
3090,97721395,49844.62,27.62,-1.091,-0.363
3092,97781395,49844.65,27.61,-1.074,-0.040
3094,97841395,49843.99,27.62,-1.077,0.105
3096,97901396,49845.40,27.62,-1.078,0.061
3098,97961395,49844.31,27.62,-1.004,0.455
3100,98021395,49847.13,27.62,-1.067,0.631
3102,98081395,49844.76,27.62,-1.053,-0.493
3104,98141394,49845.83,27.62,-1.090,-0.274
3106,98201396,49846.04,27.62,-1.125,-0.460
3108,98261394,49843.84,27.62,-1.088,-0.418
3110,98321394,49845.65,27.62,-1.102,0.247
3112,98381395,49845.96,27.63,-1.105,0.092
3114,98441395,49847.04,27.62,-1.177,-0.317
3116,98501396,49844.98,27.63,-1.146,-0.719
3118,98561395,49843.30,27.63,-1.074,0.290
3120,98621395,49846.30,27.63,-1.099,0.814
3122,98681395,49843.69,27.63,-1.053,0.113
3124,98741394,49844.36,27.63,-1.026,0.436
3126,98801396,49843.23,27.63,-0.983,0.543
3128,98861395,49844.73,27.63,-0.981,0.557
3130,98921403,49846.20,27.63,-1.035,0.067
3132,98981395,49844.29,27.63,-0.996,-0.408
3134,99041395,49844.23,27.63,-0.973,0.294
3136,99101396,49846.49,27.63,-0.983,0.470
3138,99161395,49845.38,27.63,-1.006,-0.096
3140,99221395,49845.48,27.63,-1.057,-0.673
3142,99281395,49845.52,27.63,-1.063,-0.605
3144,99341394,49845.89,27.63,-1.091,-0.239
3146,99401396,49846.82,27.63,-1.117,-0.327
3148,99461395,49845.99,27.63,-1.131,-0.385
3150,99521395,49846.90,27.63,-1.195,-0.548
3152,99581395,49844.78,27.63,-1.131,-0.482
3154,99641395,49845.41,27.63,-1.158,0.325
3156,99701396,49844.53,27.63,-1.109,0.031
3158,99761394,49845.48,27.63,-1.103,0.558
3160,99821395,49844.20,27.63,-1.072,0.260
3162,99881395,49846.87,27.63,-1.122,0.209
3164,99941394,49844.29,27.63,-1.131,-0.562
3166,100001396,49843.80,27.63,-1.101,-0.308
3168,100061395,49845.36,27.63,-1.095,0.472
3170,100121395,49847.69,27.63,-1.129,0.310
3172,100181395,49845.84,27.63,-1.109,-0.199
3174,100241395,49848.17,27.62,-1.215,-0.381
3176,100301396,49844.43,27.62,-1.184,-1.120
3178,100361395,49845.73,27.62,-1.180,-0.012
3180,100421395,49844.08,27.62,-1.130,0.333
3182,100481395,49845.66,27.61,-1.130,0.549
3184,100541394,49845.40,27.61,-1.118,0.268
3186,100601396,49845.14,27.61,-1.101,0.179
3188,100661394,49843.14,27.61,-1.043,0.296
3190,100721395,49845.23,27.60,-1.083,0.435
3192,100781395,49843.64,27.60,-1.060,-0.196
3194,100841395,49845.71,27.60,-1.050,0.328
3196,100901396,49844.52,27.60,-1.063,0.153
3198,100961395,49847.00,27.60,-1.103,-0.226
3200,101021395,49845.78,27.59,-1.074,-0.151
3202,101081395,49845.53,27.59,-1.063,0.182
3204,101141394,49845.45,27.59,-1.041,0.236
3206,101201396,49843.94,27.59,-1.026,0.169
3208,101261394,49845.34,27.59,-1.010,0.272
3210,101321395,49843.16,27.59,-0.963,0.385
3212,101381395,49843.56,27.59,-0.992,0.176
3214,101441395,49845.88,27.59,-1.032,-0.210
3216,101501396,49844.25,27.59,-1.050,-0.502
3218,101561394,49845.49,27.59,-1.046,-0.256
3220,101621395,49844.45,27.59,-1.013,0.241
3222,101681395,49844.71,27.59,-1.016,0.269
3224,101741395,49845.12,27.59,-1.036,-0.045
3226,101801396,49843.62,27.59,-1.000,-0.134
3228,101861394,49843.44,27.60,-0.966,0.388
3230,101921403,49845.16,27.60,-0.996,0.407
3232,101981395,49843.16,27.60,-0.965,-0.141
3234,102041395,49845.65,27.60,-1.020,0.036
3236,102101396,49843.99,27.60,-1.013,-0.440
3238,102161394,49845.48,27.60,-1.012,0.009
3240,102221395,49845.88,27.60,-1.022,0.160
3242,102281395,49847.06,27.60,-1.059,-0.155
3244,102341394,49845.15,27.60,-1.059,-0.496
3246,102401396,49844.82,27.60,-1.023,-0.068
3248,102461394,49842.10,27.60,-0.936,0.577
3250,102521395,49845.10,27.60,-0.933,1.045
3252,102581395,49844.79,27.60,-0.980,0.138
3254,102641395,49845.30,27.60,-0.982,-0.503
3256,102701396,49845.05,27.60,-1.014,-0.237
3258,102761395,49843.87,27.59,-0.990,-0.367
3260,102821395,49846.05,27.59,-1.000,0.284
3262,102881395,49845.18,27.59,-0.992,0.098
3264,102941394,49845.06,27.59,-1.009,-0.120
3266,103001396,49844.59,27.59,-0.992,-0.146
3268,103061395,49844.67,27.59,-0.982,0.180
3270,103121394,49845.69,27.59,-1.016,0.051
3272,103181395,49846.06,27.58,-1.048,-0.399
3274,103241395,49846.93,27.58,-1.100,-0.558
3276,103301396,49844.79,27.58,-1.050,-0.455
3278,103361395,49844.32,27.58,-1.011,0.439
3280,103421395,49845.74,27.58,-1.029,0.479
3282,103481395,49844.80,27.58,-1.013,-0.015
3284,103541395,49843.62,27.57,-1.002,-0.002
3286,103601396,49844.07,27.57,-0.996,0.100
3288,103661394,49843.42,27.57,-0.997,0.048
3290,103721394,49846.89,27.57,-1.038,0.055
3292,103781395,49847.21,27.57,-1.079,-0.284
3294,103841394,49843.24,27.56,-1.023,-0.563
3296,103901396,49845.36,27.56,-1.010,0.452
3298,103961395,49845.23,27.56,-1.016,0.383
3300,104021395,49845.66,27.56,-1.053,-0.234
3302,104081395,49845.79,27.56,-1.074,-0.476
3304,104141395,49845.38,27.56,-1.025,-0.014
3306,104201396,49843.82,27.55,-1.008,0.411
3308,104261394,49844.72,27.55,-1.024,0.073
3310,104321395,49843.87,27.55,-1.006,-0.052
3312,104381395,49844.30,27.55,-1.015,0.082
3314,104441395,49843.88,27.55,-1.018,-0.091
3316,104501396,49845.27,27.54,-1.051,-0.135
3318,104561394,49845.98,27.54,-1.079,-0.311
3320,104621395,49845.61,27.54,-1.071,-0.257
3322,104681395,49843.89,27.54,-1.047,-0.023
3324,104741395,49843.52,27.54,-0.978,0.454
3326,104801396,49843.68,27.54,-0.969,0.813
3328,104861395,49843.83,27.53,-0.931,0.427
3330,104921403,49845.75,27.53,-0.957,0.500
3332,104981395,49843.38,27.53,-0.938,-0.186
3334,105041395,49845.73,27.53,-0.948,0.122
3336,105101396,49845.76,27.53,-0.966,0.064
3338,105161394,49843.46,27.52,-0.944,-0.322
3340,105221395,49844.86,27.52,-0.954,0.070
3342,105281395,49846.66,27.52,-0.979,0.108
3344,105341395,49844.93,27.52,-0.940,-0.057
3346,105401396,49846.43,27.51,-1.018,-0.077
3348,105461394,49844.55,27.51,-1.025,-0.897
3350,105521395,49847.17,27.51,-1.090,-0.457
3352,105581395,49844.75,27.51,-1.093,-0.720
3354,105641395,49844.25,27.51,-1.027,-0.031
3356,105701396,49845.32,27.51,-1.047,0.664
3358,105761394,49845.10,27.51,-1.035,0.014
3360,105821395,49844.95,27.51,-1.041,0.037
3362,105881395,49843.02,27.51,-0.941,0.305
3364,105941394,49845.49,27.51,-0.984,0.903
3366,106001396,49843.62,27.51,-0.955,-0.128
3368,106061394,49845.58,27.50,-0.997,0.035
3370,106121394,49844.66,27.50,-0.977,-0.214
3372,106181395,49844.89,27.50,-0.982,0.076
3374,106241395,49843.55,27.50,-0.983,-0.156
3376,106301396,49843.21,27.50,-0.928,0.122
3378,106361395,49844.45,27.50,-0.951,0.570
3380,106421395,49846.20,27.50,-1.000,-0.162
3382,106481395,49844.41,27.49,-0.984,-0.473
3384,106541395,49845.67,27.49,-1.002,-0.037
3386,106601396,49845.73,27.49,-1.015,-0.123
3388,106661395,49843.26,27.49,-0.977,-0.197
3390,106721395,49844.16,27.48,-0.950,0.399
3392,106781395,49845.08,27.48,-0.927,0.666
3394,106841395,49845.34,27.48,-0.967,0.177
3396,106901396,49844.12,27.47,-0.973,-0.555
3398,106961395,49845.09,27.47,-0.985,-0.206
3400,107021395,49844.90,27.47,-0.993,-0.097
3402,107081395,49844.12,27.47,-0.972,-0.084
3404,107141394,49844.79,27.47,-0.981,0.161
3406,107201396,49846.52,27.46,-1.025,-0.080
3408,107261395,49843.78,27.46,-1.028,-0.628
3410,107321395,49846.85,27.46,-1.045,-0.138
3412,107381395,49845.59,27.46,-1.052,-0.034
3414,107441395,49845.14,27.46,-1.041,-0.217
3416,107501396,49846.09,27.46,-1.040,0.171
3418,107561394,49844.12,27.46,-1.042,-0.092
3420,107621395,49844.28,27.46,-1.031,-0.152
3422,107681395,49843.02,27.46,-1.007,0.142
3424,107741395,49845.32,27.46,-0.986,0.504
3426,107801396,49845.58,27.46,-0.993,0.494
3428,107861395,49844.36,27.46,-1.003,-0.214
3430,107921403,49846.50,27.46,-1.012,-0.079
3432,107981395,49845.36,27.46,-1.031,-0.113
3434,108041395,49844.47,27.46,-0.991,-0.200
3436,108101396,49844.74,27.46,-0.995,0.336
3438,108161395,49843.46,27.46,-0.977,-0.008
3440,108221395,49844.82,27.46,-0.998,0.078
3442,108281395,49844.52,27.47,-1.000,-0.114
3444,108341394,49845.21,27.46,-1.022,-0.126
3446,108401396,49845.93,27.46,-1.098,-0.535
3448,108461394,49844.73,27.46,-1.062,-0.704
3450,108521395,49844.51,27.47,-1.039,0.303
3452,108581395,49845.63,27.47,-1.046,0.340
3454,108641395,49846.07,27.46,-1.076,-0.063
3456,108701396,49847.43,27.47,-1.110,-0.342
3458,108761395,49845.48,27.46,-1.115,-0.499
3460,108821395,49845.04,27.47,-1.063,-0.037
3462,108881395,49846.12,27.47,-1.064,0.632
3464,108941394,49844.89,27.47,-1.070,-0.007
3466,109001396,49845.22,27.47,-1.070,-0.168
3468,109061394,49845.71,27.47,-1.081,0.018
3470,109121395,49844.88,27.47,-1.089,-0.200
3472,109181395,49844.63,27.47,-1.080,-0.166
3474,109241395,49845.86,27.47,-1.075,0.221
3476,109301396,49844.67,27.47,-1.078,0.052
3478,109361394,49844.76,27.47,-1.046,0.041
3480,109421395,49845.02,27.47,-1.072,0.235
3482,109481395,49845.14,27.47,-1.056,-0.124
3484,109541395,49847.45,27.46,-1.106,0.121
3486,109601396,49845.42,27.46,-1.100,-0.470
3488,109661394,49846.79,27.46,-1.121,-0.184
3490,109721394,49846.88,27.46,-1.117,-0.048
3492,109781395,49843.49,27.46,-1.068,-0.044
3494,109841395,49845.09,27.46,-1.062,0.393
3496,109901396,49846.08,27.46,-1.051,0.461
3498,109961395,49844.75,27.46,-1.055,0.064
3500,110021395,49845.56,27.46,-1.085,-0.255
3502,110081395,49843.83,27.45,-1.015,-0.030
3504,110141395,49844.91,27.45,-0.987,0.835
3506,110201396,49845.73,27.45,-1.018,0.409
3508,110261394,49846.11,27.45,-1.040,-0.317
3510,110321395,49843.76,27.45,-1.017,-0.357
3512,110381395,49846.76,27.45,-1.058,0.063
3514,110441395,49844.53,27.45,-1.066,-0.389
3516,110501396,49845.66,27.45,-1.020,0.020
3518,110561395,49845.52,27.44,-1.041,0.479
3520,110621395,49845.34,27.44,-1.058,-0.315
3522,110681395,49846.30,27.44,-1.085,-0.287
3524,110741395,49845.30,27.44,-1.088,-0.337
3526,110801396,49845.16,27.44,-1.061,-0.025
3528,110861395,49845.78,27.44,-1.068,0.308
3530,110921403,49847.33,27.44,-1.134,-0.210
3532,110981395,49844.75,27.45,-1.104,-0.673
3534,111041395,49845.93,27.45,-1.111,0.076
3536,111101396,49845.59,27.45,-1.095,0.141
3538,111161394,49844.75,27.45,-1.099,0.015
3540,111221395,49846.07,27.45,-1.118,-0.091
3542,111281395,49845.32,27.45,-1.131,-0.228
3544,111341395,49847.47,27.45,-1.147,-0.101
3546,111401396,49844.22,27.45,-1.122,-0.156
3548,111461394,49844.91,27.45,-1.120,-0.009
3550,111521394,49845.78,27.45,-1.096,0.350
3552,111581395,49845.63,27.45,-1.053,0.598
3554,111641394,49845.99,27.45,-1.087,0.334
3556,111701396,49845.40,27.45,-1.116,-0.525
3558,111761395,49844.41,27.45,-1.065,-0.233
3560,111821395,49844.99,27.45,-1.022,0.738
3562,111881395,49845.84,27.45,-1.072,0.396
3564,111941394,49846.22,27.45,-1.104,-0.567
3566,112001396,49846.80,27.45,-1.110,-0.338
3568,112061395,49846.33,27.45,-1.129,-0.196
3570,112121394,49845.91,27.45,-1.122,-0.277
3572,112181395,49846.04,27.45,-1.123,0.017
3574,112241395,49846.64,27.45,-1.114,0.127
3576,112301396,49844.06,27.45,-1.100,-0.031
3578,112361394,49844.06,27.44,-1.074,0.043
3580,112421395,49844.55,27.45,-1.042,0.544
3582,112481395,49844.43,27.45,-1.030,0.488
3584,112541395,49846.45,27.44,-1.072,0.131
3586,112601396,49846.01,27.44,-1.099,-0.442
3588,112661395,49845.13,27.44,-1.075,-0.351
3590,112721395,49845.06,27.44,-1.045,0.309
3592,112781395,49844.95,27.44,-1.019,0.492
3594,112841395,49844.79,27.44,-1.010,0.337
3596,112901396,49845.43,27.44,-1.032,0.051
3598,112961395,49844.70,27.44,-1.038,-0.275
3600,113021395,49844.42,27.44,-1.067,-0.362
3602,113081395,49843.73,27.44,-1.064,-0.411
3604,113141395,49843.56,27.44,-1.011,0.220
3606,113201396,49846.12,27.44,-1.038,0.680
3608,113261394,49844.61,27.44,-1.022,-0.034
3610,113321395,49844.40,27.44,-0.998,0.108
3612,113381395,49846.28,27.44,-1.024,0.307
3614,113441395,49845.16,27.44,-1.025,-0.185
3616,113501396,49845.04,27.44,-1.025,-0.169
3618,113561394,49845.71,27.45,-1.014,0.121
3620,113621395,49845.69,27.45,-1.014,0.185
3622,113681395,49846.67,27.45,-1.055,-0.127
3624,113741394,49845.08,27.45,-1.063,-0.561
3626,113801396,49845.52,27.45,-1.124,-0.605
3628,113861394,49844.80,27.45,-1.102,-0.588
3630,113921403,49844.75,27.45,-1.072,0.266
3632,113981395,49845.05,27.45,-1.068,0.404
3634,114041395,49845.73,27.45,-1.079,0.118
3636,114101396,49845.27,27.45,-1.060,0.022
3638,114161394,49845.96,27.45,-1.113,-0.094
3640,114221395,49844.83,27.45,-1.094,-0.503
3642,114281395,49845.05,27.46,-1.084,0.119
3644,114341394,49845.34,27.46,-1.068,0.281
3646,114401396,49844.73,27.46,-1.089,0.028
3648,114461395,49844.16,27.46,-1.052,-0.125
3650,114521394,49845.57,27.46,-1.062,0.416
3652,114581395,49845.27,27.46,-1.078,-0.038
3654,114641395,49844.44,27.46,-1.059,-0.197
3656,114701396,49845.33,27.46,-1.058,0.202
3658,114761395,49843.93,27.47,-1.052,0.013
3660,114821395,49845.03,27.47,-1.070,-0.069
3662,114881395,49844.65,27.47,-1.079,-0.173
3664,114941394,49844.83,27.47,-1.082,-0.163
3666,115001396,49844.33,27.47,-1.013,0.327
3668,115061395,49843.72,27.47,-1.017,0.622
3670,115121395,49845.89,27.47,-1.045,0.033
3672,115181395,49845.91,27.47,-1.073,-0.245
3674,115241395,49846.83,27.47,-1.079,-0.273
3676,115301396,49846.73,27.47,-1.111,-0.195
3678,115361394,49844.40,27.47,-1.091,-0.495
3680,115421395,49845.41,27.48,-1.079,0.120
3682,115481395,49845.77,27.48,-1.073,0.333
3684,115541395,49844.67,27.47,-1.065,0.045
3686,115601396,49845.10,27.48,-1.030,0.226
3688,115661395,49845.78,27.48,-1.035,0.481
3690,115721395,49845.14,27.48,-1.060,-0.165
3692,115781395,49846.49,27.47,-1.122,-0.570
3694,115841395,49846.88,27.47,-1.151,-0.695
3696,115901396,49846.32,27.48,-1.164,-0.476
3698,115961395,49845.08,27.48,-1.167,-0.383
3700,116021395,49845.84,27.48,-1.184,-0.200
3702,116081395,49845.56,27.48,-1.168,-0.047
3704,116141394,49843.75,27.48,-1.151,0.039
3706,116201396,49847.68,27.48,-1.175,0.297
3708,116261394,49844.96,27.48,-1.154,0.003
3710,116321395,49844.76,27.48,-1.146,-0.053
3712,116381395,49845.46,27.48,-1.096,0.457
3714,116441395,49845.93,27.49,-1.094,0.692
3716,116501396,49844.76,27.48,-1.018,0.439
3718,116561395,49843.91,27.49,-1.009,0.680
3720,116621395,49846.43,27.49,-1.049,0.118
3722,116681395,49844.77,27.49,-1.061,-0.406
3724,116741394,49843.49,27.49,-1.033,-0.318
3726,116801396,49845.63,27.49,-1.061,0.223
3728,116861394,49845.54,27.49,-1.042,0.051
3730,116921403,49844.23,27.49,-1.043,0.028
3732,116981395,49845.07,27.50,-1.039,-0.022
3734,117041395,49844.34,27.50,-1.047,0.004
3736,117101396,49847.25,27.50,-1.101,-0.162
3738,117161395,49844.45,27.50,-1.098,-0.574
3740,117221395,49847.10,27.50,-1.117,-0.154
3742,117281395,49845.01,27.50,-1.119,-0.161
3744,117341395,49843.06,27.50,-1.033,0.026
3746,117401396,49844.52,27.50,-1.030,0.913
3748,117461394,49845.96,27.50,-1.066,0.224
3750,117521394,49844.48,27.50,-1.045,-0.273
3752,117581395,49844.82,27.50,-1.019,0.228
3754,117641395,49847.47,27.51,-1.111,0.091
3756,117701396,49845.70,27.51,-1.115,-0.927
3758,117761394,49844.39,27.50,-1.087,-0.307
3760,117821395,49845.96,27.51,-1.102,0.250
3762,117881395,49843.99,27.50,-1.056,0.089
3764,117941394,49843.91,27.51,-1.058,0.260
3766,118001396,49845.99,27.51,-1.069,0.176
3768,118061395,49844.79,27.51,-1.060,0.023
3770,118121395,49845.78,27.51,-1.073,-0.008
3772,118181395,49844.98,27.50,-1.082,-0.172
3774,118241395,49843.57,27.51,-1.032,-0.056
3776,118301396,49846.55,27.51,-1.062,0.534
3778,118361395,49844.62,27.51,-1.010,0.138
3780,118421395,49844.85,27.51,-1.046,0.154
3782,118481395,49845.53,27.51,-1.069,-0.374
3784,118541395,49845.45,27.51,-1.037,-0.043
3786,118601396,49844.91,27.51,-1.055,0.153
3788,118661395,49846.58,27.51,-1.082,-0.197
3790,118721394,49845.29,27.51,-1.076,-0.240
3792,118781395,49847.06,27.51,-1.132,-0.243
3794,118841395,49846.34,27.51,-1.135,-0.518
3796,118901396,49844.32,27.51,-1.062,0.049
3798,118961395,49844.54,27.51,-1.066,0.589
3800,119021395,49847.69,27.51,-1.108,0.141
3802,119081395,49845.45,27.51,-1.102,-0.341
3804,119141395,49846.05,27.51,-1.113,-0.214
3806,119201396,49846.39,27.51,-1.163,-0.299
3808,119261394,49846.51,27.51,-1.161,-0.505
3810,119321394,49845.21,27.51,-1.139,-0.030
3812,119381395,49844.65,27.51,-1.080,0.390
3814,119441394,49846.58,27.51,-1.094,0.743
3816,119501396,49844.16,27.51,-1.067,0.012
3818,119561395,49845.14,27.51,-1.059,0.175
3820,119621395,49845.01,27.51,-1.075,0.108
3822,119681395,49844.81,27.51,-1.047,-0.039
3824,119741394,49845.73,27.51,-1.060,0.298
3826,119801396,49845.40,27.51,-1.038,0.079
3828,119861395,49846.60,27.51,-1.095,-0.009
3830,119921403,49846.90,27.51,-1.131,-0.660
3832,119981395,49844.88,27.51,-1.121,-0.584
3834,120041395,49845.77,27.51,-1.133,-0.125
3836,120101396,49845.79,27.51,-1.158,-0.171
3838,120161394,49844.79,27.51,-1.150,-0.345
3840,120221395,49843.31,27.51,-1.088,0.165
3842,120281395,49846.70,27.51,-1.161,0.471
3844,120341395,49845.14,27.51,-1.169,-0.595
3846,120401396,49846.48,27.50,-1.173,-0.218
3848,120461395,49846.81,27.50,-1.187,0.046
3850,120521395,49845.19,27.50,-1.119,0.107
3852,120581395,49845.52,27.50,-1.109,0.662
3854,120641395,49845.19,27.50,-1.109,0.180
3856,120701396,49845.70,27.50,-1.129,-0.089
3858,120761394,49844.52,27.50,-1.081,-0.016
3860,120821395,49845.92,27.49,-1.065,0.627
3862,120881395,49844.94,27.49,-1.058,0.316
3864,120941394,49845.47,27.49,-1.044,0.131
3866,121001395,49843.96,27.49,-1.043,0.060
3868,121061394,49846.08,27.48,-1.083,-0.153
3870,121121395,49845.56,27.48,-1.102,-0.381
3872,121181395,49845.20,27.48,-1.110,-0.387
3874,121241395,49845.60,27.48,-1.084,0.050
3876,121301396,49843.31,27.48,-1.050,0.272
3878,121361394,49845.43,27.48,-1.049,0.389
3880,121421395,49847.23,27.48,-1.089,0.237
3882,121481395,49845.89,27.47,-1.121,-0.579
3884,121541394,49845.27,27.48,-1.107,-0.524
3886,121601396,49846.04,27.47,-1.102,0.164
3888,121661394,49846.05,27.48,-1.106,0.135
3890,121721394,49844.23,27.48,-1.094,-0.158
3892,121781395,49845.98,27.48,-1.105,0.053
3894,121841395,49845.35,27.48,-1.110,-0.025
3896,121901396,49843.05,27.48,-1.045,0.002
3898,121961395,49845.50,27.48,-1.058,0.650
3900,122021395,49847.33,27.48,-1.097,0.156
3902,122081395,49846.57,27.49,-1.109,-0.397
3904,122141394,49844.10,27.49,-1.056,-0.214
3906,122201396,49844.84,27.49,-1.060,0.360
3908,122261395,49844.06,27.49,-1.048,0.081
3910,122321395,49844.25,27.49,-1.029,0.184
3912,122381395,49844.73,27.49,-1.024,0.323
3914,122441395,49845.08,27.50,-1.057,-0.030
3916,122501396,49844.62,27.50,-1.047,-0.314
3918,122561395,49844.65,27.50,-0.996,0.322
3920,122621395,49844.58,27.50,-1.035,0.341
3922,122681395,49845.97,27.50,-1.058,-0.367
3924,122741394,49847.16,27.50,-1.107,-0.302
3926,122801396,49844.78,27.50,-1.099,-0.643
3928,122861395,49844.62,27.50,-1.080,-0.125
3930,122921403,49847.38,27.51,-1.130,0.198
3932,122981395,49845.08,27.50,-1.083,-0.208
3934,123041395,49844.03,27.51,-1.056,0.270
3936,123101396,49846.29,27.51,-1.086,0.307
3938,123161394,49846.83,27.51,-1.096,-0.063
3940,123221395,49846.44,27.51,-1.109,-0.207
3942,123281395,49845.86,27.51,-1.136,-0.422
3944,123341395,49844.87,27.51,-1.093,-0.229
3946,123401396,49843.84,27.51,-1.055,0.454
3948,123461395,49846.64,27.50,-1.089,0.463
3950,123521395,49844.60,27.51,-1.067,-0.123
3952,123581395,49845.06,27.50,-1.068,0.025
3954,123641395,49846.13,27.50,-1.102,-0.025
3956,123701396,49847.15,27.50,-1.146,-0.408
3958,123761395,49845.46,27.50,-1.115,-0.407
3960,123821395,49845.14,27.50,-1.087,0.244
3962,123881395,49845.91,27.50,-1.108,0.265
3964,123941394,49846.14,27.50,-1.134,-0.243
3966,124001396,49845.45,27.50,-1.123,-0.297
3968,124061394,49846.58,27.50,-1.135,0.071
3970,124121395,49845.69,27.50,-1.114,0.030
3972,124181395,49845.45,27.50,-1.132,-0.014
3974,124241395,49845.12,27.49,-1.122,-0.174
3976,124301396,49845.67,27.49,-1.133,0.055
3978,124361395,49846.14,27.49,-1.126,0.034
3980,124421395,49844.51,27.49,-1.114,0.009
3982,124481395,49845.60,27.49,-1.115,0.079
3984,124541394,49845.49,27.49,-1.106,0.160
3986,124601396,49846.26,27.48,-1.125,0.054
3988,124661394,49844.31,27.48,-1.107,-0.221
3990,124721395,49844.18,27.48,-1.089,0.062
3992,124781395,49844.27,27.48,-1.071,0.319
3994,124841395,49844.67,27.48,-1.066,0.304
3996,124901396,49844.32,27.48,-1.022,0.333
3998,124961394,49844.89,27.48,-1.029,0.478
4000,125021395,49843.97,27.47,-1.018,-0.001
4002,125081395,49845.56,27.47,-1.051,-0.012
4004,125141394,49845.05,27.47,-1.049,-0.233
4006,125201396,49843.80,27.47,-0.986,0.168
4008,125261394,49844.25,27.47,-0.994,0.568
4010,125321394,49845.38,27.46,-1.023,-0.021
4012,125381395,49845.38,27.46,-1.044,-0.324
4014,125441395,49844.53,27.46,-1.016,-0.189
4016,125501396,49844.90,27.46,-1.017,0.229
4018,125561394,49845.13,27.45,-1.023,0.044
4020,125621395,49844.39,27.45,-1.046,-0.260
4022,125681395,49846.93,27.45,-1.087,-0.300
4024,125741394,49844.76,27.44,-1.117,-0.611
4026,125801396,49844.29,27.44,-1.083,-0.462
4028,125861394,49845.02,27.44,-1.094,0.303
4030,125921403,49844.44,27.44,-1.099,-0.102
4032,125981395,49846.34,27.44,-1.148,-0.208
4034,126041395,49845.93,27.44,-1.123,-0.239
4036,126101396,49844.14,27.44,-1.083,0.222
4038,126161395,49843.84,27.43,-1.070,0.320
4040,126221395,49845.59,27.43,-1.054,0.437
4042,126281395,49843.04,27.43,-0.996,0.441
4044,126341395,49845.71,27.43,-1.007,0.604
4046,126401396,49845.62,27.42,-1.058,-0.079
4048,126461395,49845.63,27.42,-1.052,-0.549
4050,126521395,49844.30,27.42,-1.015,0.089
4052,126581395,49844.91,27.42,-1.032,0.232
4054,126641395,49845.67,27.42,-1.097,-0.381
4056,126701396,49844.32,27.41,-1.034,-0.427
4058,126761395,49845.46,27.42,-1.066,0.422
4060,126821395,49843.63,27.41,-0.995,0.047
4062,126881395,49845.52,27.41,-1.002,0.714
4064,126941395,49846.37,27.41,-1.035,0.101
4066,127001396,49844.98,27.41,-1.025,-0.364
4068,127061394,49845.53,27.41,-1.024,-0.008
4070,127121394,49845.40,27.41,-1.008,0.154
4072,127181395,49846.07,27.41,-1.041,0.041
4074,127241395,49844.54,27.41,-1.005,-0.228
4076,127301396,49844.12,27.41,-1.018,0.076
4078,127361395,49845.35,27.41,-1.059,-0.255
4080,127421395,49847.03,27.41,-1.139,-0.623
4082,127481395,49844.87,27.41,-1.117,-0.853
4084,127541395,49845.99,27.41,-1.103,0.131
4086,127601396,49845.00,27.41,-1.104,0.192
4088,127661395,49845.27,27.41,-1.088,0.013
4090,127721395,49845.74,27.41,-1.115,0.097
4092,127781395,49844.98,27.41,-1.067,-0.027
4094,127841395,49844.89,27.41,-1.055,0.473
4096,127901396,49846.58,27.41,-1.085,0.178
4098,127961394,49845.89,27.41,-1.111,-0.360
4100,128021395,49844.04,27.41,-1.091,-0.475
4102,128081395,49847.17,27.41,-1.142,0.031
4104,128141395,49846.73,27.42,-1.187,-0.513
4106,128201396,49843.57,27.42,-1.162,-0.784
4108,128261395,49845.04,27.42,-1.159,0.057
4110,128321395,49845.16,27.42,-1.145,0.310
4112,128381395,49845.26,27.42,-1.141,0.211
4114,128441395,49847.00,27.42,-1.167,0.109
4116,128501396,49845.69,27.42,-1.171,-0.264
4118,128561394,49846.16,27.43,-1.173,-0.175
4120,128621395,49846.93,27.43,-1.195,-0.025
4122,128681395,49845.20,27.43,-1.174,-0.224
4124,128741395,49845.85,27.43,-1.169,0.127
4126,128801396,49845.98,27.43,-1.177,0.112
4128,128861394,49846.14,27.43,-1.175,-0.047
4130,128921403,49845.12,27.43,-1.134,0.165
4132,128981395,49844.36,27.43,-1.113,0.392
4134,129041395,49845.04,27.43,-1.075,0.489
4136,129101396,49845.79,27.43,-1.078,0.572
4138,129161394,49844.12,27.43,-1.055,0.048
4140,129221395,49845.09,27.43,-1.088,-0.019
4142,129281395,49845.93,27.43,-1.108,-0.268
4144,129341394,49844.95,27.43,-1.110,-0.279
4146,129401396,49845.70,27.43,-1.126,-0.162
4148,129461394,49845.49,27.43,-1.103,0.017
4150,129521394,49846.33,27.43,-1.142,0.069
4152,129581395,49846.57,27.43,-1.181,-0.517
4154,129641395,49847.24,27.43,-1.246,-0.746
4156,129701396,49845.08,27.43,-1.202,-0.660
4158,129761395,49846.97,27.43,-1.215,0.312
4160,129821395,49845.14,27.43,-1.193,0.033
4162,129881395,49845.61,27.43,-1.161,0.268
4164,129941394,49844.49,27.43,-1.110,0.605
4166,130001396,49845.14,27.43,-1.101,0.603
4168,130061395,49846.21,27.43,-1.098,0.358
4170,130121395,49846.68,27.43,-1.124,0.051
4172,130181395,49848.11,27.43,-1.196,-0.506
4174,130241395,49846.05,27.43,-1.222,-1.034
4176,130301396,49847.22,27.43,-1.265,-0.706
4178,130361395,49845.45,27.43,-1.242,-0.434
4180,130421395,49845.43,27.42,-1.220,0.143
4182,130481395,49844.72,27.42,-1.163,0.521
4184,130541394,49846.48,27.42,-1.190,0.604
4186,130601396,49845.56,27.42,-1.185,-0.117
4188,130661395,49846.21,27.42,-1.195,-0.056
4190,130721395,49847.28,27.42,-1.190,0.105
4192,130781395,49845.62,27.42,-1.173,0.086
4194,130841395,49845.14,27.42,-1.131,0.209
4196,130901396,49845.88,27.42,-1.092,0.735
4198,130961394,49845.77,27.42,-1.087,0.568
4200,131021395,49845.72,27.42,-1.096,0.023
4202,131081395,49844.79,27.42,-1.083,-0.124
4204,131141395,49843.77,27.41,-1.049,0.124
4206,131201396,49848.23,27.41,-1.108,0.417
4208,131261395,49844.12,27.41,-1.077,-0.391
4210,131321395,49845.40,27.41,-1.094,-0.125
4212,131381395,49845.23,27.41,-1.085,0.014
4214,131441395,49845.83,27.41,-1.083,0.136
4216,131501396,49843.20,27.40,-1.051,-0.002
4218,131561394,49846.41,27.40,-1.051,0.418
4220,131621395,49846.59,27.40,-1.094,0.146
4222,131681395,49845.12,27.40,-1.091,-0.596
4224,131741394,49846.96,27.40,-1.132,-0.206
4226,131801396,49847.20,27.39,-1.166,-0.423
4228,131861394,49845.79,27.39,-1.165,-0.542
4230,131921412,49845.54,27.39,-1.087,0.255
4232,131981395,49844.96,27.38,-1.086,0.784
4234,132041395,49844.36,27.38,-1.041,0.226
4236,132101396,49844.01,27.38,-1.029,0.461
4238,132161395,49844.85,27.38,-1.031,0.224
4240,132221395,49844.80,27.38,-1.091,-0.273
4242,132281395,49844.07,27.38,-1.020,-0.335
4244,132341394,49844.55,27.38,-0.996,0.830
4246,132401396,49847.45,27.38,-1.094,0.129
4248,132461394,49845.83,27.37,-1.079,-0.834
4250,132521395,49845.27,27.37,-1.060,-0.054
4252,132581395,49845.79,27.37,-1.057,0.238
4254,132641395,49845.46,27.37,-1.093,-0.139
4256,132701396,49844.42,27.37,-1.071,-0.407
4258,132761394,49845.96,27.36,-1.074,0.238
4260,132821395,49845.17,27.36,-1.097,-0.062
4262,132881395,49846.25,27.36,-1.092,-0.196
4264,132941394,49845.85,27.36,-1.107,0.013
4266,133001396,49845.77,27.36,-1.116,-0.267
4268,133061394,49846.55,27.35,-1.121,-0.074
4270,133121394,49845.46,27.35,-1.103,0.009
4272,133181395,49845.80,27.35,-1.116,0.042
4274,133241395,49843.57,27.35,-1.093,-0.192
4276,133301396,49847.60,27.34,-1.138,0.168
4278,133361394,49846.35,27.34,-1.145,-0.213
4280,133421395,49843.75,27.34,-1.059,-0.031
4282,133481395,49847.36,27.34,-1.071,0.982
4284,133541394,49845.54,27.34,-1.106,-0.054
4286,133601396,49845.70,27.34,-1.134,-0.742
4288,133661394,49846.33,27.33,-1.176,-0.507
4290,133721395,49845.12,27.33,-1.155,-0.436
4292,133781395,49845.04,27.33,-1.136,0.156
4294,133841395,49846.21,27.33,-1.125,0.414
4296,133901396,49846.85,27.33,-1.163,0.120
4298,133961395,49845.74,27.33,-1.191,-0.629
4300,134021395,49845.04,27.33,-1.173,-0.441
4302,134081395,49845.39,27.33,-1.143,0.310
4304,134141395,49845.82,27.33,-1.161,0.331
4306,134201396,49847.23,27.33,-1.186,-0.113
4308,134261395,49844.66,27.33,-1.163,-0.292
4310,134321395,49845.69,27.33,-1.143,0.176
4312,134381395,49845.71,27.33,-1.111,0.552
4314,134441395,49846.95,27.33,-1.131,0.395
4316,134501396,49846.83,27.33,-1.177,-0.344
4318,134561395,49847.37,27.33,-1.206,-0.654
4320,134621395,49845.81,27.33,-1.222,-0.570
4322,134681395,49845.20,27.33,-1.177,-0.169
4324,134741395,49845.04,27.33,-1.151,0.549
4326,134801396,49845.12,27.33,-1.118,0.514
4328,134861394,49845.17,27.33,-1.085,0.599
4330,134921403,49846.39,27.33,-1.085,0.537
4332,134981395,49846.57,27.33,-1.112,0.023
4334,135041394,49846.21,27.33,-1.159,-0.598
4336,135101396,49844.80,27.33,-1.131,-0.569
4338,135161395,49847.05,27.33,-1.192,-0.002
4340,135221395,49845.59,27.33,-1.181,-0.499
4342,135281395,49846.20,27.33,-1.181,-0.031
4344,135341395,49845.04,27.33,-1.151,0.129
4346,135401396,49844.70,27.33,-1.152,0.165
4348,135461395,49845.44,27.33,-1.147,0.094
4350,135521394,49845.21,27.33,-1.112,0.311
4352,135581395,49845.30,27.33,-1.141,0.202
4354,135641395,49844.70,27.33,-1.108,-0.145
4356,135701396,49846.27,27.34,-1.149,0.198
4358,135761394,49846.66,27.34,-1.164,-0.296
4360,135821395,49845.80,27.34,-1.134,-0.083
4362,135881395,49845.58,27.34,-1.157,0.074
4364,135941395,49845.89,27.34,-1.188,-0.396
4366,136001396,49844.16,27.34,-1.131,-0.184
4368,136061395,49844.62,27.34,-1.118,0.535
4370,136121395,49846.13,27.34,-1.114,0.432
4372,136181395,49844.65,27.34,-1.079,0.266
4374,136241395,49845.59,27.35,-1.063,0.430
4376,136301396,49845.54,27.35,-1.063,0.304
4378,136361394,49845.96,27.34,-1.120,-0.275
4380,136421395,49845.00,27.35,-1.107,-0.604
4382,136481395,49846.48,27.35,-1.160,-0.176
4384,136541395,49847.11,27.35,-1.206,-0.622
4386,136601395,49846.25,27.35,-1.205,-0.581
4388,136661394,49846.54,27.35,-1.225,-0.216
4390,136721395,49845.18,27.35,-1.155,0.078
4392,136781395,49845.77,27.35,-1.139,0.769
4394,136841395,49846.61,27.35,-1.184,0.141
4396,136901396,49844.37,27.36,-1.149,-0.424
4398,136961395,49845.77,27.36,-1.178,0.081
4400,137021395,49846.68,27.36,-1.151,0.118
4402,137081395,49846.96,27.36,-1.197,0.129
4404,137141394,49845.81,27.36,-1.173,-0.437
4406,137201396,49844.89,27.36,-1.143,0.174
4408,137261394,49846.36,27.36,-1.147,0.392
4410,137321394,49847.33,27.36,-1.154,0.200
4412,137381395,49847.79,27.36,-1.199,-0.190
4414,137441395,49845.18,27.36,-1.212,-0.803
4416,137501396,49845.84,27.36,-1.232,-0.515
4418,137561395,49844.75,27.36,-1.208,-0.147
4420,137621395,49846.37,27.36,-1.235,0.141
4422,137681395,49846.05,27.36,-1.238,-0.146
4424,137741394,49846.51,27.36,-1.233,-0.015
4426,137801396,49843.66,27.36,-1.171,0.156
4428,137861395,49846.12,27.36,-1.178,0.608
4430,137921403,49845.07,27.36,-1.156,0.269
4432,137981395,49845.18,27.36,-1.149,0.170
4434,138041395,49845.58,27.35,-1.131,0.261
4436,138101396,49846.23,27.35,-1.169,0.098
4438,138161395,49845.91,27.35,-1.172,-0.382
4440,138221395,49846.54,27.35,-1.185,-0.118
4442,138281395,49846.62,27.35,-1.197,-0.142
4444,138341394,49845.39,27.35,-1.183,-0.187
4446,138401396,49844.90,27.35,-1.188,-0.068
4448,138461395,49845.23,27.35,-1.220,-0.245
4450,138521395,49845.79,27.35,-1.174,0.005
4452,138581395,49844.78,27.35,-1.119,0.743
4454,138641395,49844.76,27.35,-1.101,0.656
4456,138701396,49846.41,27.35,-1.149,0.148
4458,138761394,49845.57,27.35,-1.150,-0.435
4460,138821395,49843.08,27.35,-1.112,-0.190
4462,138881395,49846.77,27.35,-1.146,0.350
4464,138941394,49844.18,27.35,-1.112,-0.025
4466,139001396,49846.43,27.35,-1.168,-0.015
4468,139061395,49844.23,27.35,-1.136,-0.395
4470,139121395,49847.14,27.35,-1.187,0.068
4472,139181395,49847.66,27.35,-1.194,-0.198
4474,139241395,49844.58,27.35,-1.144,-0.109
4476,139301396,49843.91,27.35,-1.123,0.267
4478,139361394,49844.69,27.35,-1.095,0.456
4480,139421395,49845.78,27.34,-1.149,0.211
4482,139481395,49844.43,27.34,-1.125,-0.450
4484,139541394,49846.52,27.35,-1.159,0.090
4486,139601396,49844.57,27.34,-1.151,-0.294
4488,139661394,49846.30,27.35,-1.194,-0.222
4490,139721395,49846.31,27.35,-1.223,-0.446
4492,139781395,49846.24,27.34,-1.201,-0.242
4494,139841395,49845.19,27.35,-1.161,0.327
4496,139901396,49843.06,27.34,-1.095,0.510
4498,139961395,49847.12,27.35,-1.122,0.815
4500,140021395,49845.04,27.35,-1.142,-0.134
4502,140081395,49844.23,27.34,-1.109,-0.363
4504,140141394,49845.53,27.34,-1.132,0.261
4506,140201396,49846.44,27.34,-1.148,-0.078
4508,140261394,49847.45,27.34,-1.204,-0.327
4510,140321395,49844.57,27.35,-1.142,-0.471
4512,140381395,49844.92,27.34,-1.123,0.468
4514,140441395,49845.93,27.34,-1.121,0.436
4516,140501396,49846.75,27.34,-1.133,0.168
4518,140561394,49847.32,27.34,-1.197,-0.360
4520,140621395,49845.31,27.34,-1.164,-0.682
4522,140681395,49847.41,27.34,-1.229,-0.071
4524,140741395,49846.25,27.34,-1.219,-0.523
4526,140801396,49846.56,27.35,-1.215,-0.023
4528,140861394,49844.95,27.35,-1.179,0.124
4530,140921403,49845.53,27.34,-1.187,0.246
4532,140981395,49844.71,27.35,-1.161,0.068
4534,141041395,49846.09,27.35,-1.163,0.330
4536,141101396,49844.65,27.35,-1.135,0.167
4538,141161394,49846.52,27.35,-1.175,0.119
4540,141221395,49846.84,27.35,-1.139,0.037
4542,141281395,49845.66,27.35,-1.167,0.100
4544,141341394,49847.01,27.35,-1.207,-0.491
4546,141401396,49845.71,27.35,-1.204,-0.452
4548,141461394,49846.21,27.35,-1.192,-0.023
4550,141521395,49846.45,27.35,-1.214,0.086
4552,141581395,49846.68,27.35,-1.206,-0.131
4554,141641395,49846.35,27.35,-1.212,0.022
4556,141701396,49847.35,27.35,-1.239,-0.149
4558,141761395,49845.02,27.34,-1.190,-0.156
4560,141821395,49846.80,27.34,-1.217,0.302
4562,141881395,49845.89,27.34,-1.212,-0.126
4564,141941394,49846.90,27.34,-1.213,0.029
4566,142001396,49846.78,27.34,-1.210,0.104
4568,142061395,49845.31,27.34,-1.185,0.003
4570,142121394,49845.23,27.34,-1.180,0.149
4572,142181395,49846.56,27.34,-1.198,0.110
4574,142241395,49844.46,27.33,-1.162,-0.072
4576,142301396,49845.27,27.33,-1.123,0.469
4578,142361395,49845.20,27.33,-1.097,0.703
4580,142421395,49845.39,27.33,-1.096,0.345
4582,142481395,49846.12,27.33,-1.137,-0.104
4584,142541395,49847.08,27.33,-1.190,-0.577
4586,142601396,49843.61,27.33,-1.130,-0.551
4588,142661394,49845.29,27.33,-1.105,0.568
4590,142721394,49847.63,27.33,-1.157,0.467
4592,142781395,49845.48,27.33,-1.184,-0.694
4594,142841394,49848.05,27.34,-1.248,-0.686
4596,142901396,49844.22,27.34,-1.218,-0.692
4598,142961395,49846.57,27.33,-1.200,0.219
4600,143021395,49844.23,27.34,-1.154,0.504
4602,143081395,49846.85,27.34,-1.179,0.408
4604,143141395,49843.85,27.33,-1.143,-0.062
4606,143201396,49847.04,27.34,-1.199,0.071
4608,143261394,49846.12,27.34,-1.205,-0.375
4610,143321394,49844.53,27.34,-1.193,-0.327
4612,143381395,49845.76,27.34,-1.183,0.142
4614,143441395,49845.89,27.34,-1.201,0.162
4616,143501396,49844.95,27.34,-1.173,-0.111
4618,143561394,49845.17,27.34,-1.148,0.362
4620,143621395,49845.77,27.34,-1.141,0.440
4622,143681395,49844.21,27.34,-1.096,0.266
4624,143741395,49845.54,27.34,-1.093,0.499
4626,143801396,49845.88,27.34,-1.107,0.172
4628,143861395,49844.64,27.34,-1.073,-0.051
4630,143921403,49844.32,27.34,-1.040,0.386
4632,143981395,49846.14,27.34,-1.091,0.265
4634,144041395,49846.07,27.34,-1.126,-0.549
4636,144101396,49845.72,27.34,-1.099,-0.327
4638,144161394,49846.03,27.34,-1.119,0.135
4640,144221395,49846.27,27.34,-1.148,-0.301
4642,144281395,49845.66,27.34,-1.154,-0.415
4644,144341395,49846.24,27.34,-1.154,-0.102
4646,144401396,49846.74,27.34,-1.143,0.176
4648,144461394,49845.31,27.34,-1.144,0.021
4650,144521395,49845.44,27.34,-1.151,-0.178
4652,144581395,49846.35,27.34,-1.152,0.026
4654,144641395,49844.68,27.34,-1.138,-0.022
4656,144701396,49845.59,27.34,-1.109,0.247
4658,144761394,49845.03,27.34,-1.106,0.390
4660,144821395,49845.50,27.34,-1.096,0.107
4662,144881395,49846.64,27.34,-1.117,0.168
4664,144941394,49846.82,27.34,-1.151,-0.278
4666,145001396,49845.18,27.34,-1.130,-0.436
4668,145061394,49845.14,27.34,-1.118,0.087
4670,145121395,49844.57,27.34,-1.131,0.015
4672,145181395,49845.17,27.34,-1.146,-0.213
4674,145241395,49847.00,27.34,-1.153,0.039
4676,145301396,49845.41,27.34,-1.179,-0.220
4678,145361395,49846.28,27.34,-1.205,-0.526
4680,145421395,49844.92,27.34,-1.180,-0.219
4682,145481395,49846.46,27.34,-1.205,0.124
4684,145541394,49846.57,27.34,-1.183,0.053
4686,145601396,49846.48,27.34,-1.201,0.115
4688,145661395,49846.44,27.34,-1.222,-0.316
4690,145721395,49847.01,27.35,-1.248,-0.341
4692,145781395,49845.91,27.35,-1.253,-0.395
4694,145841395,49844.86,27.35,-1.218,-0.108
4696,145901396,49846.88,27.35,-1.243,0.339
4698,145961395,49845.80,27.35,-1.188,0.185
4700,146021395,49848.30,27.35,-1.207,0.624
4702,146081395,49844.62,27.35,-1.156,0.015
4704,146141394,49847.03,27.35,-1.194,0.181
4706,146201396,49845.12,27.36,-1.173,-0.185
4708,146261395,49846.09,27.35,-1.161,0.159
4710,146321395,49845.54,27.36,-1.163,0.181
4712,146381395,49847.49,27.36,-1.209,-0.125
4714,146441395,49846.33,27.36,-1.212,-0.440
4716,146501396,49846.99,27.36,-1.234,-0.265
4718,146561394,49847.51,27.36,-1.223,-0.053
4720,146621394,49847.44,27.36,-1.203,0.261
4722,146681395,49845.47,27.36,-1.144,0.359
4724,146741395,49846.51,27.36,-1.176,0.383
4726,146801396,49844.00,27.36,-1.104,-0.024
4728,146861395,49844.90,27.36,-1.086,0.697
4730,146921403,49846.75,27.36,-1.141,0.250
4732,146981395,49844.59,27.36,-1.107,-0.427
4734,147041395,49846.57,27.35,-1.132,0.153
4736,147101396,49846.42,27.35,-1.139,-0.090
4738,147161394,49845.85,27.35,-1.129,-0.125
4740,147221395,49844.64,27.35,-1.088,0.154
4742,147281395,49844.88,27.35,-1.057,0.542
4744,147341394,49846.05,27.35,-1.088,0.361
4746,147401396,49846.84,27.35,-1.107,-0.212
4748,147461394,49845.00,27.35,-1.085,-0.231
4750,147521395,49847.09,27.34,-1.086,0.247
4752,147581395,49845.18,27.34,-1.082,0.049
4754,147641395,49846.40,27.34,-1.089,-0.074
4756,147701396,49844.01,27.34,-1.059,-0.024
4758,147761395,49844.60,27.34,-1.097,-0.091
4760,147821395,49845.90,27.34,-1.087,-0.126
4762,147881395,49845.13,27.33,-1.059,0.295
4764,147941394,49846.54,27.33,-1.103,0.132
4766,148001396,49844.76,27.33,-1.066,-0.280
4768,148061395,49844.88,27.33,-1.066,0.187
4770,148121395,49846.01,27.33,-1.107,-0.070
4772,148181395,49844.36,27.33,-1.082,-0.363
4774,148241395,49844.69,27.33,-1.025,0.428
4776,148301396,49845.73,27.33,-1.071,0.531
4778,148361394,49846.08,27.33,-1.049,-0.171
4780,148421395,49843.73,27.33,-0.971,0.440
4782,148481395,49846.95,27.33,-1.005,0.772
4784,148541395,49843.92,27.32,-0.990,-0.185
4786,148601396,49845.01,27.32,-0.994,-0.096
4788,148661394,49844.60,27.32,-1.012,-0.061
4790,148721394,49845.12,27.32,-1.015,-0.210
4792,148781395,49846.07,27.32,-1.029,0.020
4794,148841395,49846.70,27.32,-1.054,-0.131
4796,148901396,49846.30,27.32,-1.104,-0.556
4798,148961395,49844.29,27.32,-1.087,-0.742
4800,149021395,49845.81,27.32,-1.071,0.178
4802,149081395,49844.70,27.32,-1.065,0.271
4804,149141395,49845.26,27.32,-1.056,0.082
4806,149201396,49847.02,27.32,-1.099,0.105
4808,149261395,49845.34,27.32,-1.094,-0.429
4810,149321395,49844.16,27.32,-1.030,0.080
4812,149381395,49844.57,27.32,-1.012,0.733
4814,149441395,49845.07,27.32,-0.987,0.500
4816,149501396,49844.44,27.32,-1.017,0.104
4818,149561395,49843.29,27.32,-0.991,-0.341
4820,149621395,49847.36,27.32,-1.062,0.158
4822,149681395,49844.60,27.32,-1.097,-0.823
4824,149741395,49845.46,27.32,-1.060,-0.448
4826,149801396,49844.03,27.32,-1.043,0.416
4828,149861395,49847.32,27.32,-1.118,-0.010
4830,149921403,49845.05,27.32,-1.131,-0.782
4832,149981395,49845.14,27.32,-1.121,-0.394
4834,150041395,49845.29,27.32,-1.104,0.223
4836,150101396,49844.58,27.32,-1.094,0.192
4838,150161395,49846.14,27.32,-1.114,0.097
4840,150221395,49844.63,27.32,-1.108,-0.167
4842,150281395,49844.46,27.32,-1.110,-0.141
4844,150341394,49847.02,27.32,-1.135,0.089
4846,150401396,49847.13,27.32,-1.178,-0.240
4848,150461394,49846.69,27.32,-1.197,-0.644
4850,150521394,49844.03,27.32,-1.134,-0.222
4852,150581395,49844.51,27.32,-1.057,0.890
4854,150641395,49846.31,27.32,-1.099,0.917
4856,150701396,49846.93,27.32,-1.144,-0.385
4858,150761395,49842.82,27.31,-1.056,-0.403
4860,150821395,49843.87,27.31,-1.087,0.423
4862,150881395,49846.55,27.32,-1.074,0.220
4864,150941394,49844.42,27.32,-1.062,0.233
4866,151001396,49845.43,27.32,-1.102,-0.206
4868,151061395,49845.36,27.31,-1.098,-0.301
4870,151121394,49844.51,27.32,-1.039,0.251
4872,151181395,49846.25,27.31,-1.042,0.731
4874,151241395,49844.00,27.31,-0.996,0.241
4876,151301396,49844.55,27.31,-1.031,0.120
4878,151361394,49845.66,27.32,-1.017,-0.084
4880,151421395,49846.17,27.32,-1.064,0.021
4882,151481395,49845.20,27.31,-1.064,-0.550
4884,151541395,49845.45,27.32,-1.073,-0.178
4886,151601396,49846.29,27.32,-1.124,-0.287
4888,151661395,49847.50,27.32,-1.127,-0.369
4890,151721395,49846.32,27.32,-1.124,-0.061
4892,151781395,49845.03,27.32,-1.112,-0.163
4894,151841395,49845.49,27.32,-1.105,0.086
4896,151901396,49844.75,27.32,-1.078,0.212
4898,151961395,49845.29,27.32,-1.102,0.143
4900,152021395,49843.70,27.32,-1.014,0.172
4902,152081395,49845.68,27.32,-1.029,0.898
4904,152141395,49846.14,27.32,-1.074,-0.072
4906,152201396,49846.98,27.32,-1.115,-0.612
4908,152261394,49844.61,27.32,-1.077,-0.446
4910,152321395,49844.23,27.32,-1.054,0.217
4912,152381395,49846.10,27.32,-1.089,0.251
4914,152441395,49844.35,27.32,-1.071,-0.248
4916,152501396,49846.11,27.32,-1.088,0.064
4918,152561394,49844.95,27.32,-1.078,-0.046
4920,152621395,49844.29,27.32,-1.092,-0.185
4922,152681395,49844.27,27.32,-1.083,-0.166
4924,152741394,49845.95,27.31,-1.072,0.325
4926,152801396,49844.30,27.32,-1.049,0.269
4928,152861394,49843.83,27.31,-1.020,0.210
4930,152921403,49846.57,27.31,-1.080,0.232
4932,152981395,49844.80,27.32,-1.058,-0.398
4934,153041395,49846.21,27.32,-1.101,-0.104
4936,153101396,49844.70,27.32,-1.099,-0.451
4938,153161395,49846.00,27.32,-1.103,-0.067
4940,153221395,49844.92,27.32,-1.085,0.085
4942,153281395,49844.53,27.32,-1.068,0.142
4944,153341394,49847.17,27.32,-1.098,0.271
4946,153401396,49846.39,27.33,-1.145,-0.392
4948,153461395,49844.34,27.32,-1.102,-0.600
4950,153521395,49843.37,27.32,-1.046,0.428
4952,153581395,49845.55,27.33,-1.072,0.635
4954,153641395,49845.04,27.33,-1.057,0.042
4956,153701396,49844.41,27.33,-1.044,0.097
4958,153761395,49844.64,27.33,-1.027,0.215
4960,153821395,49844.98,27.33,-1.028,0.254
4962,153881395,49845.91,27.33,-1.070,-0.107
4964,153941394,49846.07,27.33,-1.041,-0.174
4966,154001396,49845.63,27.33,-1.032,0.299
4968,154061395,49845.34,27.33,-1.039,0.003
4970,154121395,49843.74,27.33,-1.011,-0.103
4972,154181395,49844.57,27.33,-1.024,0.147
4974,154241395,49846.00,27.33,-1.038,0.038
4976,154301396,49845.91,27.33,-1.053,-0.110
4978,154361394,49846.78,27.33,-1.109,-0.415
4980,154421394,49844.39,27.33,-1.079,-0.626
4982,154481395,49845.75,27.32,-1.057,0.290
4984,154541395,49845.87,27.33,-1.083,0.283
4986,154601396,49844.29,27.33,-1.063,-0.304
4988,154661395,49846.14,27.33,-1.080,0.125
4990,154721395,49844.90,27.32,-1.053,0.052
4992,154781395,49845.93,27.33,-1.088,0.056
4994,154841395,49846.03,27.33,-1.105,-0.337
4996,154901396,49845.16,27.33,-1.110,-0.335
4998,154961395,49845.76,27.33,-1.094,-0.014
5000,155021394,49844.48,27.33,-1.031,0.470
5002,155081395,49845.72,27.33,-1.075,0.454
5004,155141395,49846.42,27.33,-1.113,-0.440
5006,155201396,49845.34,27.33,-1.092,-0.388
5008,155261394,49844.91,27.33,-1.047,0.294
5010,155321395,49845.31,27.33,-1.067,0.403
5012,155381395,49847.34,27.33,-1.125,-0.255
5014,155441395,49846.24,27.33,-1.154,-0.732
5016,155501396,49845.11,27.33,-1.142,-0.544
5018,155561395,49845.88,27.33,-1.154,-0.006
5020,155621395,49846.29,27.33,-1.177,-0.134
5022,155681395,49843.98,27.33,-1.165,-0.399
5024,155741395,49846.25,27.33,-1.213,-0.170
5026,155801396,49844.84,27.33,-1.188,-0.280
5028,155861394,49845.23,27.32,-1.170,0.219
5030,155921403,49844.68,27.32,-1.099,0.621
5032,155981395,49845.48,27.32,-1.140,0.587
5034,156041395,49845.83,27.32,-1.122,-0.149
5036,156101395,49844.50,27.32,-1.105,0.157
5038,156161394,49846.04,27.32,-1.102,0.241
5040,156221395,49845.59,27.32,-1.126,0.032
5042,156281395,49845.45,27.32,-1.114,-0.250
5044,156341395,49845.50,27.32,-1.104,0.153
5046,156401396,49843.48,27.32,-1.068,0.116
5048,156461394,49845.94,27.32,-1.080,0.385
5050,156521394,49845.45,27.32,-1.084,0.090
5052,156581395,49844.94,27.32,-1.081,-0.141
5054,156641395,49845.91,27.32,-1.103,-0.047
5056,156701396,49845.90,27.32,-1.096,-0.100
5058,156761394,49845.53,27.32,-1.101,-0.023
5060,156821395,49846.83,27.32,-1.162,-0.303
5062,156881395,49845.37,27.32,-1.153,-0.635
5064,156941394,49846.62,27.32,-1.129,0.158
5066,157001396,49845.82,27.31,-1.117,0.392
5068,157061395,49846.94,27.32,-1.145,0.027
5070,157121395,49846.48,27.32,-1.172,-0.387
5072,157181395,49845.55,27.32,-1.162,-0.415
5074,157241395,49846.62,27.32,-1.183,-0.027
5076,157301396,49845.45,27.32,-1.149,-0.036
5078,157361395,49843.77,27.32,-1.096,0.358
5080,157421395,49844.18,27.32,-1.090,0.513
5082,157481395,49845.95,27.32,-1.102,0.290
5084,157541395,49847.07,27.32,-1.135,-0.008
5086,157601396,49845.36,27.32,-1.140,-0.473
5088,157661395,49844.31,27.32,-1.097,-0.130
5090,157721395,49844.92,27.32,-1.073,0.558
5092,157781395,49845.35,27.32,-1.106,0.227
5094,157841395,49845.47,27.32,-1.092,-0.199
5096,157901396,49844.43,27.32,-1.062,0.195
5098,157961395,49845.61,27.32,-1.046,0.456
5100,158021395,49844.49,27.32,-1.032,0.299
5102,158081395,49846.66,27.32,-1.095,-0.086
5104,158141395,49844.77,27.32,-1.084,-0.583
5106,158201396,49844.39,27.32,-1.090,-0.220
5108,158261394,49845.94,27.32,-1.101,0.004
5110,158321394,49845.36,27.32,-1.096,0.001
5112,158381395,49846.24,27.32,-1.115,-0.034
5114,158441394,49846.02,27.32,-1.147,-0.321
5116,158501396,49844.49,27.32,-1.123,-0.418
5118,158561395,49844.21,27.32,-1.095,0.194
5120,158621395,49846.29,27.32,-1.081,0.612
5122,158681395,49846.34,27.32,-1.127,0.150
5124,158741395,49846.07,27.32,-1.116,-0.453
5126,158801396,49846.86,27.31,-1.140,-0.008
5128,158861394,49844.80,27.32,-1.109,-0.212
5130,158921403,49843.00,27.32,-1.067,0.151
5132,158981395,49847.04,27.31,-1.117,0.445
5134,159041395,49844.96,27.31,-1.109,-0.248
5136,159101396,49843.83,27.31,-1.067,-0.064
5138,159161394,49845.04,27.31,-1.056,0.540
5140,159221395,49847.92,27.32,-1.102,0.332
5142,159281395,49845.25,27.31,-1.099,-0.451
5144,159341395,49847.04,27.31,-1.150,-0.406
5146,159401396,49846.28,27.31,-1.142,-0.403
5148,159461395,49845.75,27.31,-1.129,-0.024
5150,159521395,49846.10,27.31,-1.134,0.098
5152,159581395,49844.89,27.31,-1.106,0.022
5154,159641395,49845.33,27.31,-1.137,0.043
5156,159701396,49844.39,27.31,-1.094,-0.113
5158,159761394,49847.05,27.31,-1.154,0.274
5160,159821395,49844.61,27.31,-1.130,-0.447
5162,159881395,49844.68,27.30,-1.094,0.161
5164,159941394,49847.11,27.31,-1.149,0.365
5166,160001396,49844.39,27.31,-1.107,-0.357
5168,160061394,49844.98,27.31,-1.062,0.445
5170,160121395,49844.19,27.30,-1.019,0.772
5172,160181395,49847.30,27.30,-1.017,0.784
5174,160241395,49844.60,27.30,-1.017,0.105
5176,160301396,49844.84,27.30,-1.032,-0.357
5178,160361394,49844.80,27.30,-1.060,-0.307
5180,160421395,49846.58,27.30,-1.109,-0.420
5182,160481395,49845.42,27.29,-1.084,-0.358
5184,160541394,49844.98,27.29,-1.081,0.074
5186,160601396,49846.23,27.29,-1.100,0.034
5188,160661394,49845.55,27.29,-1.121,-0.271
5190,160721394,49845.61,27.29,-1.113,-0.271
5192,160781395,49846.19,27.29,-1.128,0.054
5194,160841395,49845.62,27.29,-1.162,-0.356
5196,160901396,49845.45,27.29,-1.143,-0.362
5198,160961395,49842.87,27.29,-1.050,0.426
5200,161021395,49846.39,27.29,-1.035,1.230
5202,161081395,49844.39,27.29,-1.047,0.352
5204,161141394,49845.77,27.29,-1.101,-0.492
5206,161201396,49847.30,27.29,-1.181,-0.769
5208,161261395,49844.10,27.28,-1.104,-0.670
5210,161321395,49844.72,27.28,-1.077,0.655
5212,161381395,49845.05,27.28,-1.040,0.693
5214,161441395,49848.59,27.28,-1.118,0.397
5216,161501396,49845.59,27.28,-1.096,-0.633
5218,161561395,49846.85,27.28,-1.116,-0.145
5220,161621395,49844.79,27.28,-1.117,-0.298
5222,161681395,49847.59,27.28,-1.196,-0.415
5224,161741394,49845.58,27.28,-1.193,-0.767
5226,161801396,49843.99,27.28,-1.151,-0.182
5228,161861395,49845.80,27.27,-1.150,0.489
5230,161921403,49846.12,27.27,-1.151,0.275
5232,161981395,49844.20,27.27,-1.101,0.115
5234,162041395,49844.87,27.27,-1.114,0.345
5236,162101396,49846.07,27.27,-1.131,0.009
5238,162161394,49845.55,27.27,-1.137,-0.157
5240,162221395,49845.27,27.27,-1.113,-0.030
5242,162281395,49846.91,27.27,-1.149,0.191
5244,162341395,49844.73,27.27,-1.140,-0.383
5246,162401396,49847.27,27.26,-1.176,-0.110
5248,162461395,49846.29,27.26,-1.165,-0.157
5250,162521395,49845.41,27.26,-1.165,-0.114
5252,162581395,49844.98,27.26,-1.133,0.065
5254,162641395,49845.27,27.26,-1.116,0.435
5256,162701396,49845.63,27.26,-1.099,0.383
5258,162761394,49846.92,27.26,-1.125,0.232
5260,162821395,49844.58,27.26,-1.110,-0.291
5262,162881395,49845.82,27.26,-1.132,-0.111
5264,162941394,49845.56,27.26,-1.154,-0.248
5266,163001396,49844.85,27.26,-1.127,-0.210
5268,163061394,49846.48,27.26,-1.143,0.280
5270,163121395,49845.66,27.26,-1.179,-0.280
5272,163181395,49845.43,27.26,-1.174,-0.496
5274,163241395,49845.35,27.26,-1.173,-0.005
5276,163301396,49844.56,27.26,-1.132,0.158
5278,163361395,49844.71,27.26,-1.138,0.355
5280,163421395,49846.01,27.26,-1.114,0.276
5282,163481395,49846.57,27.26,-1.152,0.231
5284,163541394,49845.77,27.26,-1.155,-0.439
5286,163601396,49844.49,27.26,-1.091,0.080
5288,163661394,49846.69,27.26,-1.105,0.723
5290,163721395,49844.52,27.26,-1.073,0.106
5292,163781395,49844.80,27.26,-1.092,0.021
5294,163841395,49849.07,27.27,-1.158,-0.080
5296,163901396,49846.06,27.26,-1.178,-0.726
5298,163961394,49845.47,27.27,-1.170,-0.626
5300,164021395,49846.78,27.26,-1.191,0.014
5302,164081395,49847.56,27.27,-1.228,-0.215
5304,164141395,49846.75,27.26,-1.251,-0.561
5306,164201396,49845.51,27.26,-1.215,-0.307
5308,164261394,49847.52,27.27,-1.245,0.274
5310,164321394,49845.30,27.27,-1.198,-0.038
5312,164381395,49846.27,27.27,-1.186,0.433
5314,164441395,49843.29,27.26,-1.107,0.426
5316,164501396,49844.14,27.27,-1.039,1.054
5318,164561394,49845.92,27.27,-1.064,0.973
5320,164621395,49844.05,27.27,-1.030,-0.014
5322,164681395,49846.04,27.27,-1.092,-0.000
5324,164741394,49845.64,27.27,-1.119,-0.640
5326,164801396,49848.16,27.27,-1.169,-0.431
5328,164861394,49843.34,27.27,-1.135,-0.628
5330,164921403,49846.39,27.27,-1.131,0.157
5332,164981395,49846.54,27.27,-1.169,0.198
5334,165041395,49845.15,27.27,-1.134,-0.350
5336,165101396,49845.73,27.27,-1.124,0.320
5338,165161395,49847.52,27.27,-1.197,-0.024
5340,165221395,49846.38,27.27,-1.203,-0.760
5342,165281395,49846.01,27.28,-1.209,-0.340
5344,165341395,49844.25,27.27,-1.161,-0.014
5346,165401396,49845.38,27.28,-1.188,0.298
5348,165461395,49844.58,27.28,-1.181,-0.175
5350,165521394,49845.66,27.28,-1.156,0.222
5352,165581395,49846.05,27.28,-1.167,0.381
5354,165641395,49844.58,27.28,-1.112,0.108
5356,165701396,49845.45,27.28,-1.118,0.498
5358,165761395,49844.12,27.28,-1.072,0.209
5360,165821395,49846.23,27.27,-1.078,0.554
5362,165881395,49845.24,27.27,-1.042,0.308
5364,165941395,49846.16,27.27,-1.088,0.114
5366,166001396,49846.56,27.28,-1.097,-0.379
5368,166061394,49845.26,27.27,-1.121,-0.383
5370,166121394,49846.12,27.27,-1.143,-0.452
5372,166181395,49845.49,27.27,-1.134,-0.188
5374,166241394,49846.08,27.27,-1.148,-0.011
5376,166301396,49845.61,27.28,-1.148,-0.139
5378,166361395,49845.26,27.27,-1.141,-0.056
5380,166421395,49845.99,27.28,-1.119,0.250
5382,166481395,49844.89,27.28,-1.117,0.222
5384,166541395,49843.72,27.28,-1.084,-0.009
5386,166601396,49844.07,27.28,-1.063,0.404
5388,166661394,49845.54,27.28,-1.121,0.122
5390,166721395,49845.41,27.28,-1.112,-0.421
5392,166781395,49846.29,27.28,-1.101,0.180
5394,166841395,49846.15,27.29,-1.122,0.089
5396,166901396,49845.58,27.29,-1.096,-0.142
5398,166961394,49846.67,27.29,-1.115,0.202
5400,167021395,49844.88,27.29,-1.111,-0.238
5402,167081395,49845.04,27.29,-1.110,-0.140
5404,167141395,49846.12,27.29,-1.140,-0.023
5406,167201396,49844.72,27.29,-1.128,-0.289
5408,167261395,49845.28,27.29,-1.162,-0.189
5410,167321395,49846.18,27.30,-1.173,-0.277
5412,167381395,49844.34,27.30,-1.126,0.016
5414,167441395,49846.00,27.29,-1.131,0.454
5416,167501396,49845.59,27.29,-1.112,0.238
5418,167561394,49845.21,27.30,-1.116,0.100
5420,167621395,49846.65,27.29,-1.134,-0.013
5422,167681395,49844.51,27.29,-1.104,-0.107
5424,167741395,49845.54,27.29,-1.132,0.031
5426,167801396,49846.57,27.29,-1.130,-0.039
5428,167861395,49846.47,27.29,-1.142,0.022
5430,167921403,49845.64,27.29,-1.133,-0.182
5432,167981395,49846.48,27.29,-1.134,0.084
5434,168041395,49845.42,27.29,-1.132,-0.010
5436,168101396,49845.05,27.29,-1.112,-0.021
5438,168161394,49846.82,27.29,-1.151,0.147
5440,168221395,49845.14,27.29,-1.133,-0.296
5442,168281395,49847.23,27.29,-1.186,-0.110
5444,168341394,49845.65,27.29,-1.177,-0.462
5446,168401396,49844.40,27.29,-1.174,-0.240
5448,168461394,49845.61,27.29,-1.195,-0.085
5450,168521394,49844.41,27.29,-1.150,0.040
5452,168581395,49845.81,27.29,-1.164,0.413
5454,168641395,49846.36,27.29,-1.172,0.051
5456,168701396,49845.06,27.29,-1.159,-0.101
5458,168761394,49844.27,27.29,-1.116,0.164
5460,168821395,49845.51,27.29,-1.120,0.508
5462,168881395,49844.44,27.29,-1.106,0.103
5464,168941394,49845.56,27.29,-1.127,0.028
5466,169001396,49844.94,27.29,-1.114,-0.088
5468,169061395,49845.10,27.29,-1.097,0.178
5470,169121394,49845.52,27.29,-1.085,0.334
5472,169181395,49845.23,27.29,-1.098,0.083
5474,169241395,49845.54,27.28,-1.121,-0.260
5476,169301396,49844.38,27.29,-1.093,-0.193
5478,169361395,49845.73,27.29,-1.095,0.294
5480,169421395,49845.76,27.29,-1.117,0.022
5482,169481395,49845.26,27.29,-1.105,-0.217
5484,169541394,49845.79,27.29,-1.127,-0.017
5486,169601396,49846.21,27.29,-1.114,-0.060
5488,169661395,49845.46,27.29,-1.116,0.075
5490,169721395,49845.45,27.29,-1.097,0.021
5492,169781395,49844.91,27.29,-1.091,0.189
5494,169841395,49844.07,27.29,-1.057,0.139
5496,169901396,49844.31,27.29,-1.062,0.284
5498,169961394,49843.96,27.29,-1.044,0.074
5500,170021395,49845.34,27.29,-1.032,0.376
5502,170081395,49845.73,27.29,-1.049,0.241
5504,170141395,49846.28,27.29,-1.072,-0.219
5506,170201396,49845.45,27.29,-1.071,-0.293
5508,170261395,49845.41,27.29,-1.076,-0.130
5510,170321395,49844.54,27.29,-1.048,0.009
5512,170381395,49846.80,27.29,-1.075,0.301
5514,170441395,49846.38,27.29,-1.100,-0.221
5516,170501396,49846.19,27.30,-1.129,-0.541
5518,170561395,49843.52,27.30,-1.087,-0.406
5520,170621395,49846.52,27.30,-1.087,0.471
5522,170681395,49844.67,27.30,-1.064,0.306
5524,170741395,49845.95,27.30,-1.069,0.160
5526,170801396,49845.62,27.30,-1.065,0.091
5528,170861394,49844.83,27.31,-1.051,-0.003
5530,170921411,49845.75,27.31,-1.076,0.024
5532,170981395,49844.67,27.30,-1.075,-0.274
5534,171041395,49845.63,27.31,-1.074,-0.022
5536,171101396,49844.29,27.31,-1.047,0.129
5538,171161395,49845.89,27.31,-1.055,0.281
5540,171221395,49844.79,27.31,-1.035,0.112
5542,171281395,49844.55,27.31,-1.006,0.244
5544,171341394,49844.80,27.31,-1.016,0.279
5546,171401396,49842.66,27.32,-0.953,0.087
5548,171461394,49845.33,27.32,-0.986,0.553
5550,171521395,49845.38,27.32,-1.026,-0.238
5552,171581395,49844.25,27.32,-1.026,-0.598
5554,171641395,49844.90,27.32,-1.047,-0.214
5556,171701396,49845.70,27.32,-1.070,-0.205
5558,171761394,49846.96,27.32,-1.103,-0.252
5560,171821395,49845.36,27.33,-1.086,-0.329
5562,171881395,49845.56,27.33,-1.066,0.120
5564,171941394,49845.93,27.33,-1.091,0.157
5566,172001396,49845.30,27.33,-1.091,-0.281
5568,172061394,49845.98,27.33,-1.133,-0.264
5570,172121394,49845.02,27.33,-1.153,-0.611
5572,172181395,49846.04,27.33,-1.123,-0.086
5574,172241395,49845.95,27.33,-1.098,0.553
5576,172301396,49847.38,27.33,-1.127,0.285
5578,172361394,49846.88,27.33,-1.145,-0.306
5580,172421395,49844.27,27.34,-1.135,-0.506
5582,172481395,49844.77,27.33,-1.128,-0.089
5584,172541395,49845.16,27.34,-1.143,0.101
5586,172601396,49844.59,27.34,-1.114,-0.012
5588,172661394,49844.30,27.34,-1.059,0.537
5590,172721395,49845.07,27.34,-1.057,0.703
5592,172781395,49846.02,27.34,-1.079,0.130
5594,172841395,49844.66,27.34,-1.078,-0.275
5596,172901396,49843.79,27.34,-1.031,0.023
5598,172961395,49846.94,27.34,-1.068,0.543
5600,173021395,49845.04,27.34,-1.048,-0.103
5602,173081395,49847.35,27.34,-1.084,0.015
5604,173141395,49846.32,27.34,-1.102,-0.347
5606,173201396,49844.53,27.34,-1.082,-0.420
5608,173261395,49844.80,27.34,-1.052,0.221
5610,173321394,49845.20,27.34,-1.047,0.448
5612,173381395,49845.52,27.34,-1.036,0.221
5614,173441395,49844.38,27.34,-1.043,-0.000
5616,173501396,49845.54,27.34,-1.059,-0.156
5618,173561395,49845.92,27.34,-1.068,-0.071
5620,173621395,49845.33,27.34,-1.038,0.036
5622,173681395,49845.71,27.34,-1.030,0.347
5624,173741395,49845.90,27.34,-1.058,0.021
5626,173801396,49845.38,27.34,-1.093,-0.540
5628,173861394,49845.82,27.34,-1.075,-0.321
5630,173921403,49844.94,27.34,-1.047,0.273
5632,173981395,49843.90,27.34,-0.998,0.408
5634,174041394,49846.39,27.34,-1.029,0.547
5636,174101396,49846.41,27.34,-1.076,-0.302
5638,174161395,49844.04,27.34,-1.068,-0.754
5640,174221395,49844.55,27.34,-1.038,0.024
5642,174281395,49846.01,27.34,-1.117,0.093
5644,174341394,49843.60,27.34,-1.101,-0.854
5646,174401396,49846.69,27.34,-1.113,0.089
5648,174461395,49846.91,27.34,-1.126,0.162
5650,174521395,49844.73,27.34,-1.116,-0.304
5652,174581395,49845.70,27.34,-1.129,-0.102
5654,174641395,49846.44,27.34,-1.135,0.014
5656,174701396,49845.64,27.34,-1.170,-0.293
5658,174761395,49845.48,27.34,-1.155,-0.409
5660,174821395,49845.32,27.34,-1.121,0.288
5662,174881395,49845.82,27.34,-1.131,0.373
5664,174941395,49845.20,27.34,-1.123,-0.045
5666,175001396,49845.72,27.34,-1.154,-0.114
5668,175061395,49844.31,27.34,-1.101,-0.116
5670,175121395,49846.97,27.34,-1.135,0.486
5672,175181395,49844.28,27.34,-1.087,-0.040
5674,175241395,49843.82,27.34,-1.061,0.306
5676,175301396,49845.23,27.34,-1.053,0.492
5678,175361394,49847.73,27.34,-1.107,0.221
5680,175421395,49846.46,27.34,-1.106,-0.453
5682,175481395,49847.26,27.34,-1.127,-0.225
5684,175541395,49845.11,27.34,-1.118,-0.323
5686,175601396,49844.82,27.33,-1.095,-0.042
5688,175661394,49845.96,27.33,-1.095,0.351
5690,175721395,49846.04,27.33,-1.128,-0.040
5692,175781395,49844.39,27.33,-1.142,-0.613
5694,175841395,49846.48,27.33,-1.152,-0.200
5696,175901396,49848.01,27.32,-1.194,0.014
5698,175961394,49844.81,27.32,-1.148,-0.389
5700,176021395,49844.98,27.32,-1.121,0.302
5702,176081395,49844.46,27.32,-1.083,0.537
5704,176141394,49845.88,27.32,-1.093,0.480
5706,176201396,49845.73,27.32,-1.095,0.052
5708,176261394,49845.15,27.32,-1.092,-0.088
5710,176321394,49843.39,27.32,-1.044,0.057
5712,176381395,49845.83,27.31,-1.028,0.695
5714,176441395,49846.57,27.31,-1.059,0.386
5716,176501396,49845.52,27.31,-1.055,-0.337
5718,176561394,49843.78,27.31,-1.033,-0.155
5720,176621395,49845.57,27.31,-1.062,0.090
5722,176681395,49845.79,27.31,-1.061,-0.079
5724,176741394,49845.11,27.30,-1.126,-0.446
5726,176801396,49844.43,27.30,-1.056,-0.455
5728,176861395,49845.19,27.30,-1.075,0.604
5730,176921403,49846.94,27.30,-1.111,-0.077
5732,176981395,49845.54,27.30,-1.120,-0.440
5734,177041395,49845.75,27.30,-1.137,-0.366
5736,177101396,49846.48,27.30,-1.141,-0.115
5738,177161395,49845.18,27.30,-1.107,0.074
5740,177221395,49845.93,27.30,-1.108,0.309
5742,177281395,49844.99,27.30,-1.081,0.165
5744,177341394,49843.76,27.30,-1.035,0.327
5746,177401396,49844.72,27.29,-1.060,0.360
5748,177461395,49844.66,27.29,-1.037,0.002
5750,177521395,49845.37,27.29,-1.041,0.274
5752,177581395,49846.33,27.29,-1.075,-0.040
5754,177641395,49844.69,27.29,-1.020,-0.123
5756,177701396,49843.50,27.29,-1.017,0.285
5758,177761394,49845.85,27.29,-1.035,0.102
5760,177821395,49844.23,27.29,-1.017,-0.011
5762,177881395,49846.07,27.29,-1.034,0.106
5764,177941394,49843.61,27.29,-1.026,-0.184
5766,178001396,49844.41,27.29,-1.033,-0.151
5768,178061395,49843.95,27.29,-0.984,0.256
5770,178121395,49846.06,27.29,-1.009,0.566
5772,178181395,49844.55,27.29,-1.006,-0.147
5774,178241395,49844.57,27.29,-0.986,-0.037
5776,178301396,49845.26,27.29,-0.982,0.322
5778,178361394,49844.10,27.29,-0.957,0.159
5780,178421395,49847.23,27.28,-1.020,0.128
5782,178481395,49844.95,27.28,-0.998,-0.448
5784,178541394,49844.31,27.28,-0.977,-0.013
5786,178601396,49845.18,27.28,-0.992,0.186
5788,178661394,49846.31,27.28,-1.019,-0.084
5790,178721395,49843.46,27.27,-1.026,-0.532
5792,178781395,49848.10,27.27,-1.065,-0.140
5794,178841395,49845.85,27.27,-1.092,-0.345
5796,178901396,49845.96,27.27,-1.101,-0.628
5798,178961395,49845.61,27.27,-1.106,-0.183
5800,179021395,49845.02,27.27,-1.084,-0.034
5802,179081395,49843.47,27.26,-1.039,0.274
5804,179141394,49845.36,27.26,-1.029,0.618
5806,179201396,49844.23,27.26,-1.005,0.373
5808,179261395,49844.79,27.26,-1.040,0.012
5810,179321395,49845.05,27.26,-0.988,0.032
5812,179381395,49844.24,27.26,-1.017,0.308
5814,179441395,49844.69,27.26,-1.005,-0.235
5816,179501396,49845.97,27.26,-1.049,0.027
5818,179561394,49842.85,27.26,-0.984,-0.288
5820,179621395,49843.54,27.26,-0.963,0.542
5822,179681395,49843.16,27.26,-0.926,0.546
5824,179741395,49843.93,27.26,-0.953,0.307
5826,179801396,49845.54,27.26,-0.926,0.153
5828,179861394,49844.34,27.26,-0.951,0.168
5830,179921403,49844.95,27.26,-0.984,-0.499
5832,179981395,49844.98,27.26,-1.004,-0.431
5834,180041394,49844.74,27.25,-0.991,-0.203
5836,180101396,49843.60,27.25,-0.940,0.272
5838,180161394,49845.22,27.26,-0.969,0.461
5840,180221395,49844.56,27.25,-0.968,-0.163
5842,180281395,49844.88,27.26,-0.968,-0.061
5844,180341394,49846.80,27.26,-1.020,-0.061
5846,180401396,49844.95,27.26,-1.037,-0.667
5848,180461394,49846.17,27.26,-1.018,-0.200
5850,180521394,49845.17,27.25,-1.056,-0.006
5852,180581395,49847.32,27.26,-1.125,-0.682
5854,180641395,49845.15,27.26,-1.103,-0.673
5856,180701396,49844.67,27.26,-1.054,0.177
5858,180761395,49845.37,27.25,-1.031,0.728
5860,180821395,49844.77,27.25,-1.074,0.063
5862,180881395,49844.46,27.25,-1.077,-0.569
5864,180941394,49845.30,27.26,-1.075,-0.009
5866,181001396,49846.41,27.26,-1.103,0.066
5868,181061395,49844.96,27.26,-1.075,-0.184
5870,181121395,49845.43,27.26,-1.089,0.090
5872,181181395,49844.91,27.26,-1.051,0.094
c5874,181241395,49844.14,27.26,-1.059,0.221
5876,181301396,49845.33,27.26,-1.037,0.123
5878,181361394,49845.83,27.26,-1.055,0.306
5880,181421395,49843.21,27.26,-1.050,-0.375
5882,181481395,49844.34,27.26,-1.041,-0.065
5884,181541395,49845.02,27.26,-1.045,0.281
5886,181601396,49844.94,27.26,-1.060,-0.058
5888,181661394,49843.95,27.26,-0.998,0.078
5890,181721394,49843.47,27.26,-0.974,0.649
5892,181781395,49845.54,27.26,-1.034,0.151
5894,181841394,49845.70,27.26,-1.058,-0.543
5896,181901396,49844.77,27.25,-1.080,-0.543
5898,181961395,49844.85,27.25,-1.048,-0.169
5900,182021395,49845.14,27.25,-1.031,0.470
5902,182081395,49845.18,27.25,-1.045,0.176
5904,182141395,49844.30,27.25,-1.046,-0.240
5906,182201396,49845.74,27.25,-1.082,-0.175
5908,182261395,49845.39,27.25,-1.079,-0.261
5910,182321394,49845.96,27.24,-1.080,0.017
5912,182381395,49844.15,27.24,-1.088,-0.187
5914,182441395,49845.71,27.24,-1.088,-0.113
5916,182501396,49845.59,27.24,-1.112,0.004
5918,182561394,49845.48,27.24,-1.098,-0.212
5920,182621395,49845.52,27.24,-1.081,0.221
5922,182681395,49844.84,27.24,-1.106,-0.014
5924,182741394,49843.94,27.24,-1.058,-0.142
5926,182801396,49843.67,27.24,-1.029,0.547
5928,182861395,49844.10,27.23,-1.036,0.351
5930,182921403,49843.93,27.23,-1.036,-0.017
5