=~=~=~=~=~=~=~=~=~=~=~= PuTTY log 2026.08.11 11:40:30 =~=~=~=~=~=~=~=~=~=~=~=
12977,398786416,99845.84,27.72,0.385,0.772,0.453
12979,398846397,99851.93,27.72,0.400,0.257,0.931
12981,398906424,99853.28,27.72,0.347,0.143,0.318
12983,398966397,99850.91,27.72,0.329,0.343,-0.734
41488,1254237396,99832.48,27.45,1.781,1.900,0.016
41490,1254297394,99835.34,27.45,1.764,1.658,0.549
41492,1254357395,99831.91,27.45,1.771,1.949,-0.129
41494,1254417394,99833.52,27.45,1.783,1.812,0.030
41496,1254477394,99835.40,27.45,1.752,1.654,0.148
41498,1254537395,99833.56,27.45,1.780,1.809,-0.166
41500,1254597400,99833.22,27.45,1.768,1.838,0.097
41502,1254657395,99833.97,27.45,1.778,1.774,-0.026
41504,1254717395,99835.41,27.45,1.802,1.652,0.351
41506,1254777394,99833.05,27.45,1.786,1.852,0.136
41508,1254837396,99834.36,27.45,1.804,1.742,-0.105
41510,1254897394,99835.97,27.45,1.801,1.606,0.315
41512,1254957395,99836.13,27.45,1.770,1.592,-0.102
41514,1255017395,99835.67,27.45,1.738,1.631,-0.547
41516,1255077394,99833.45,27.45,1.736,1.819,-0.539
41518,1255137396,99832.42,27.45,1.759,1.906,-0.096
41520,1255197400,99830.81,27.45,1.816,2.041,0.445
41522,1255257395,99832.64,27.45,1.810,1.887,0.632
41524,1255317394,99836.02,27.45,1.783,1.602,0.111
41526,1255377394,99832.95,27.45,1.798,1.861,-0.199
41528,1255437396,99832.50,27.45,1.762,1.899,-0.253
41530,1255497395,99832.05,27.45,1.734,1.937,-0.597
41532,1255557395,99834.39,27.45,1.735,1.739,-0.243
41534,1255617395,99831.84,27.45,1.768,1.955,0.163
41536,1255677394,99833.34,27.45,1.779,1.828,0.375
41538,1255737396,99833.23,27.45,1.802,1.837,0.364
41540,1255797400,99838.20,27.45,1.780,1.417,0.398
41542,1255857395,99833.77,27.45,1.760,1.792,-0.310
41544,1255917395,99829.48,27.45,1.809,2.153,-0.420
41546,1255977394,99837.47,27.45,1.771,1.479,0.499
41548,1256037396,99836.99,27.45,1.757,1.519,-0.053
41550,1256097395,99837.62,27.45,1.722,1.466,-0.393
41552,1256157395,99833.73,27.45,1.712,1.794,-0.633
41554,1256217395,99834.64,27.45,1.766,1.718,0.017
41556,1256277394,99830.71,27.45,1.853,2.050,0.931
41558,1256337396,99836.79,27.45,1.782,1.537,0.715
41560,1256397400,99836.48,27.45,1.712,1.563,-0.799
41562,1256457395,99832.32,27.45,1.727,1.914,-0.999
41564,1256517395,99834.13,27.45,1.777,1.761,0.263
41566,1256577394,99838.38,27.45,1.720,1.403,0.559
41568,1256637396,99833.54,27.45,1.733,1.811,-0.530
41570,1256697394,99834.17,27.45,1.730,1.758,-0.162
41572,1256757395,99833.19,27.45,1.721,1.841,-0.092
41574,1256817394,99834.53,27.45,1.722,1.727,-0.076
41576,1256877395,99834.81,27.45,1.774,1.703,0.387
41578,1256937396,99834.19,27.45,1.756,1.756,0.454
41580,1256997400,99836.57,27.45,1.745,1.555,-0.115
41582,1257057395,99836.83,27.45,1.748,1.533,0.014
41584,1257117395,99835.09,27.45,1.741,1.681,-0.096
41586,1257177394,99831.41,27.45,1.772,1.991,-0.176
41588,1257237396,99832.38,27.45,1.814,1.909,0.434
41590,1257297394,99837.55,27.45,1.768,1.473,0.555
41592,1257357395,99837.05,27.45,1.768,1.514,-0.212
41594,1257417394,99836.77,27.45,1.718,1.539,-0.389
41596,1257477394,99830.66,27.45,1.779,2.055,-0.540
41598,1257537396,99835.44,27.45,1.761,1.650,0.448
41600,1257597400,99834.98,27.45,1.767,1.689,0.133
41602,1257657395,99834.09,27.45,1.793,1.764,0.128
41604,1257717395,99830.35,27.45,1.820,2.081,0.207
41606,1257777394,99835.62,27.45,1.779,1.635,0.169
41608,1257837396,99835.07,27.45,1.786,1.681,-0.136
41610,1257897394,99833.21,27.45,1.836,1.838,0.195
41612,1257957395,99832.59,27.45,1.820,1.891,0.335
41614,1258017394,99837.46,27.45,1.787,1.480,-0.081
41616,1258077394,99834.19,27.45,1.763,1.756,-0.437
41618,1258137396,99832.63,27.45,1.771,1.888,-0.517
41620,1258197400,99832.19,27.45,1.804,1.925,0.148
41622,1258257395,99833.01,27.45,1.793,1.856,0.330
41624,1258317395,99836.19,27.45,1.750,1.588,-0.128
41626,1258377394,99834.96,27.45,1.732,1.691,-0.481
41628,1258437395,99834.20,27.45,1.729,1.755,-0.365
41630,1258497394,99834.38,27.45,1.752,1.740,0.051
41632,1258557395,99833.44,27.45,1.753,1.819,0.213
41634,1258617394,99831.60,27.45,1.822,1.975,0.286
41636,1258677394,99832.07,27.45,1.868,1.935,0.957
41638,1258737396,99835.48,27.45,1.862,1.648,0.750
41640,1258797400,99832.07,27.45,1.817,1.935,-0.278
41642,1258857395,99832.01,27.45,1.823,1.940,-0.656
41644,1258917395,99833.70,27.45,1.800,1.797,-0.026
41646,1258977394,99836.29,27.46,1.742,1.579,-0.351
41648,1259037396,99837.61,27.46,1.707,1.467,-0.656
41650,1259097394,99832.86,27.46,1.697,1.868,-0.693
41652,1259157394,99831.97,27.46,1.663,1.943,-0.652
41654,1259217394,99837.20,27.46,1.633,1.501,-0.323
41656,1259277394,99836.25,27.46,1.625,1.582,-0.184
41658,1259337396,99835.20,27.46,1.628,1.671,-0.213
41660,1259397400,99834.19,27.46,1.667,1.756,0.139
41662,1259457395,99840.34,27.46,1.593,1.236,0.281
41664,1259517395,99837.58,27.46,1.591,1.470,-0.612
41666,1259577394,99836.01,27.47,1.604,1.603,-0.252
41668,1259637396,99834.56,27.47,1.641,1.724,0.195
41670,1259697394,99836.68,27.47,1.618,1.546,0.319
41672,1259757395,99835.31,27.47,1.622,1.661,-0.151
41674,1259817395,99836.77,27.47,1.595,1.539,-0.130
41676,1259877394,99833.09,27.47,1.617,1.849,-0.285
41678,1259937396,99831.35,27.47,1.696,1.996,0.386
41680,1259997409,99830.83,27.47,1.737,2.040,1.018
41682,1260057395,99832.88,27.47,1.777,1.867,0.845
41684,1260117395,99834.54,27.47,1.799,1.726,0.812
41686,1260177394,99836.94,27.47,1.781,1.524,0.405
41688,1260237396,99837.73,27.47,1.743,1.458,-0.228
41690,1260297395,99835.60,27.47,1.712,1.637,-0.695
41692,1260357395,99833.72,27.47,1.727,1.796,-0.510
41694,1260417395,99832.22,27.47,1.775,1.922,0.236
41696,1260477394,99836.41,27.47,1.771,1.568,0.664
41698,1260537396,99832.54,27.47,1.790,1.896,0.134
41700,1260597400,99835.84,27.47,1.769,1.617,0.052
41702,1260657395,99833.66,27.47,1.777,1.800,-0.109
41704,1260717395,99832.78,27.47,1.757,1.875,-0.212
41706,1260777395,99833.62,27.47,1.757,1.805,-0.212
41708,1260837396,99835.66,27.47,1.776,1.632,0.252
41710,1260897395,99835.49,27.47,1.756,1.646,0.190
41712,1260957395,99837.14,27.47,1.731,1.507,-0.273
41714,1261017395,99833.54,27.47,1.756,1.811,-0.256
41716,1261077394,99833.33,27.47,1.742,1.829,-0.037
41718,1261137396,99837.28,27.47,1.657,1.495,-0.418
41720,1261197400,99832.63,27.47,1.678,1.887,-0.866
41722,1261257395,99834.92,27.47,1.709,1.694,0.197
41724,1261317395,99834.88,27.47,1.715,1.697,0.514
41726,1261377394,99831.92,27.47,1.746,1.948,0.118
41728,1261437396,99833.02,27.47,1.735,1.854,0.193
41730,1261497394,99835.02,27.47,1.737,1.686,0.085
41732,1261557395,99835.01,27.47,1.738,1.687,0.118
41734,1261617395,99832.30,27.47,1.755,1.916,-0.033
41736,1261677394,99832.66,27.47,1.776,1.886,0.189
41738,1261737396,99833.45,27.46,1.783,1.819,0.348
41740,1261797400,99836.74,27.46,1.761,1.540,0.187
41742,1261857395,99832.28,27.46,1.799,1.917,-0.076
41744,1261917395,99831.43,27.46,1.826,1.990,0.271
41746,1261977394,99831.09,27.46,1.859,2.018,0.470
41748,1262037396,99832.39,27.46,1.885,1.908,0.594
41750,1262097394,99833.52,27.45,1.864,1.813,0.331
41752,1262157395,99831.31,27.46,1.894,1.999,-0.088
41754,1262217394,99831.89,27.46,1.902,1.951,0.267
41756,1262277394,99834.02,27.46,1.892,1.770,0.202
41758,1262337395,99835.41,27.45,1.861,1.653,-0.093
41760,1262397400,99832.93,27.45,1.865,1.863,-0.385
41762,1262457395,99831.17,27.46,1.901,2.011,-0.001
41764,1262517395,99834.75,27.46,1.890,1.709,0.434
41766,1262577394,99832.53,27.46,1.903,1.896,0.062
41768,1262637396,99834.25,27.46,1.857,1.751,-0.162
41770,1262697394,99832.55,27.46,1.833,1.895,-0.628
41772,1262757395,99835.41,27.46,1.831,1.653,-0.270
41774,1262817395,99836.05,27.47,1.794,1.599,-0.076
41776,1262877394,99836.51,27.47,1.759,1.560,-0.549
41778,1262937396,99838.48,27.47,1.691,1.394,-0.691
41780,1262997400,99837.03,27.47,1.695,1.516,-0.739
41782,1263057395,99836.58,27.47,1.651,1.555,-0.391
41784,1263117395,99837.91,27.47,1.642,1.441,-0.484
41786,1263177394,99836.16,27.47,1.597,1.589,-0.431
41788,1263237396,99837.77,27.47,1.529,1.453,-0.913
41790,1263297395,99836.24,27.47,1.536,1.583,-0.749
41792,1263357395,99836.51,27.47,1.541,1.560,-0.033
41794,1263417395,99835.56,27.48,1.559,1.640,0.129
41796,1263477394,99835.02,27.48,1.580,1.686,0.248
41798,1263537396,99836.48,27.48,1.543,1.563,0.081
41800,1263597400,99836.64,27.48,1.531,1.549,-0.372
41802,1263657395,99836.30,27.48,1.540,1.578,-0.122
41804,1263717395,99835.87,27.48,1.559,1.614,0.155
41806,1263777395,99837.28,27.49,1.546,1.495,0.193
41808,1263837396,99838.08,27.49,1.520,1.427,-0.161
41810,1263897395,99840.92,27.49,1.464,1.187,-0.433
41812,1263957395,99836.02,27.49,1.454,1.601,-0.810
41814,1264017395,99835.14,27.49,1.469,1.676,-0.391
41816,1264077394,99836.87,27.49,1.472,1.530,0.219
41818,1264137396,99839.33,27.49,1.430,1.322,0.024
41820,1264197400,99838.97,27.49,1.410,1.352,-0.464
41822,1264257395,99837.59,27.49,1.412,1.469,-0.342
41824,1264317395,99836.34,27.49,1.392,1.574,-0.257
41826,1264377394,99840.49,27.49,1.397,1.224,-0.033
41828,1264437396,99840.03,27.49,1.401,1.262,0.256
41830,1264497394,99840.02,27.49,1.385,1.264,-0.073
41832,1264557395,99841.09,27.49,1.358,1.172,-0.267
41834,1264617394,99839.38,27.49,1.333,1.318,-0.499
41836,1264677395,99840.85,27.50,1.318,1.193,-0.411
41838,1264737396,99838.73,27.50,1.337,1.372,-0.110
41840,1264797400,99842.98,27.50,1.327,1.013,0.248
41842,1264857395,99838.00,27.49,1.358,1.434,0.046
41844,1264917395,99838.09,27.50,1.358,1.427,0.075
41846,1264977394,99836.09,27.50,1.386,1.595,0.094
41848,1265037396,99835.70,27.50,1.443,1.628,0.509
41850,1265097394,99841.13,27.49,1.393,1.169,0.639
41852,1265157395,99836.09,27.50,1.427,1.596,-0.270
41854,1265217394,99838.70,27.50,1.448,1.375,0.317
41856,1265277394,99837.36,27.50,1.461,1.488,0.416
41858,1265337396,99839.23,27.50,1.456,1.330,0.163
41860,1265397400,99839.09,27.50,1.408,1.341,-0.225
41862,1265457395,99837.84,27.50,1.438,1.447,-0.436
41864,1265517395,99836.84,27.50,1.441,1.532,0.177
41866,1265577394,99837.53,27.50,1.438,1.474,0.026
41868,1265637396,99841.27,27.50,1.363,1.158,-0.232
41870,1265697394,99839.05,27.50,1.382,1.346,-0.638
41872,1265757395,99843.24,27.50,1.296,0.991,-0.272
41874,1265817394,99841.73,27.50,1.314,1.119,-0.678
41876,1265877394,99836.97,27.50,1.337,1.521,-0.085
41878,1265937396,99838.04,27.50,1.385,1.431,0.351
41880,1265997400,99832.65,27.49,1.485,1.886,0.901
41882,1266057395,99836.30,27.49,1.527,1.578,1.311
41884,1266117395,99840.27,27.49,1.493,1.242,0.777
41886,1266177394,99834.07,27.49,1.545,1.766,-0.148
41888,1266237395,99833.68,27.49,1.610,1.799,0.566
41890,1266297394,99831.09,27.48,1.687,2.018,1.062
41892,1266357395,99833.70,27.48,1.708,1.797,1.050
41894,1266417394,99832.36,27.47,1.773,1.911,0.760
41896,1266477394,99828.91,27.47,1.837,2.203,0.853
41898,1266537396,99834.01,27.47,1.839,1.771,0.874
41900,1266597400,99834.68,27.47,1.867,1.714,0.567
41902,1266657395,99831.92,27.46,1.875,1.948,0.242
41904,1266717395,99831.97,27.46,1.894,1.943,0.083
41906,1266777394,99834.86,27.46,1.864,1.700,0.201
41908,1266837396,99833.80,27.46,1.838,1.789,-0.368
41910,1266897394,99831.14,27.46,1.905,2.014,-0.125
41912,1266957395,99834.59,27.46,1.897,1.722,0.711
41914,1267017394,99832.53,27.46,1.892,1.896,0.027
41916,1267077394,99834.07,27.47,1.853,1.766,-0.315
41918,1267137396,99836.74,27.47,1.785,1.540,-0.612
41920,1267197400,99834.19,27.47,1.786,1.757,-0.779
41922,1267257395,99831.83,27.47,1.780,1.956,-0.359
41924,1267317395,99835.12,27.47,1.763,1.678,-0.112
41926,1267377394,99834.23,27.47,1.811,1.753,0.216
41928,1267437396,99839.11,27.47,1.734,1.341,0.270
41930,1267497395,99832.08,27.47,1.768,1.934,-0.716
41932,1267557395,99830.84,27.47,1.828,2.039,0.207
41934,1267617395,99832.88,27.47,1.825,1.867,0.721
41936,1267677394,99831.07,27.47,1.844,2.019,0.155
41938,1267737396,99833.83,27.47,1.817,1.787,0.095
41940,1267797409,99834.25,27.48,1.811,1.751,-0.140
41942,1267857395,99833.44,27.48,1.796,1.820,-0.204
41944,1267917395,99834.99,27.48,1.801,1.688,-0.102
41946,1267977394,99838.59,27.48,1.734,1.385,-0.072
41948,1268037396,99833.85,27.48,1.772,1.785,-0.577
41950,1268097394,99832.59,27.48,1.791,1.891,0.139
41952,1268157395,99832.42,27.48,1.757,1.906,-0.026
41954,1268217395,99834.00,27.48,1.783,1.772,-0.126
41956,1268277394,99834.97,27.49,1.749,1.690,0.194
41958,1268337396,99834.66,27.48,1.738,1.716,-0.377
41960,1268397400,99830.56,27.49,1.790,2.062,-0.090
41962,1268457395,99837.07,27.49,1.704,1.513,0.188
41964,1268517395,99835.95,27.49,1.671,1.607,-0.800
41966,1268577395,99832.90,27.49,1.707,1.865,-0.468
41968,1268637396,99831.59,27.49,1.735,1.976,0.295
41970,1268697395,99839.41,27.49,1.688,1.315,0.416
41972,1268757395,99834.46,27.50,1.669,1.733,-0.450
41974,1268817395,99834.52,27.50,1.667,1.728,-0.537
41976,1268877394,99837.11,27.50,1.654,1.509,0.025
41978,1268937396,99837.61,27.50,1.646,1.467,-0.022
41980,1268997400,99834.96,27.50,1.682,1.691,-0.003
41982,1269057395,99832.55,27.51,1.722,1.895,0.348
41984,1269117395,99837.43,27.51,1.716,1.482,0.574
41986,1269177394,99834.46,27.51,1.722,1.733,0.119
41988,1269237396,99833.20,27.51,1.762,1.839,0.067
41990,1269297394,99832.95,27.51,1.794,1.861,0.548
41992,1269357395,99833.74,27.51,1.730,1.794,0.056
41994,1269417395,99832.14,27.51,1.764,1.929,-0.517
41996,1269477394,99833.68,27.51,1.753,1.799,0.237
41998,1269537396,99834.91,27.51,1.782,1.695,0.238
42000,1269597400,99835.49,27.51,1.784,1.646,0.420
42002,1269657395,99835.97,27.51,1.750,1.606,-0.093
42004,1269717395,99833.20,27.51,1.740,1.839,-0.557
42006,1269777394,99831.91,27.51,1.757,1.949,-0.266
42008,1269837396,99834.84,27.51,1.726,1.701,0.085
42010,1269897394,99836.59,27.51,1.684,1.553,-0.316
42012,1269957395,99836.45,27.52,1.629,1.565,-0.740
42014,1270017394,99836.50,27.51,1.640,1.561,-0.591
42016,1270077394,99834.75,27.52,1.675,1.709,0.181
42018,1270137396,99835.73,27.51,1.682,1.626,0.396
42020,1270197400,99835.61,27.52,1.708,1.636,0.316
42022,1270257395,99835.42,27.52,1.718,1.652,0.339
42024,1270317395,99833.84,27.51,1.718,1.786,0.043
42026,1270377394,99837.42,27.51,1.679,1.483,-0.109
42028,1270437396,99834.63,27.51,1.722,1.719,-0.135
4