=~=~=~=~=~=~=~=~=~=~=~= PuTTY log 2026.08.22 14:05:03 =~=~=~=~=~=~=~=~=~=~=~=
imu_seq,baro_seq,timestamp_us,roll_deg,pitch_deg,yaw_deg,heading_deg,altitude_m,raw_altitude_m,climb_rate_mps,pressure_pa,temperature_c,comp_altitude_m,comp_climb_rate_mps,comp_accel_up_mss,accel_x_mss,accel_y_mss,accel_z_mss,gyro_x_dps,gyro_y_dps,gyro_z_dps,mag_x_ut,mag_y_ut,mag_z_ut,linacc_x_mss,linacc_y_mss,linacc_z_mss,grav_x_mss,grav_y_mss,grav_z_mss,imu_valid,baro_valid
[IMU] BNO055 axis_map=0x24 sign_x=0 sign_y=0 sign_z=0
[SETUP] Baro PROM: C1=39189 C2=35799 C3=24633 C4=24872 C5=35093 C6=27857
[SETUP] Airspeed init failed -- check wiring/I2C address
[SETUP] SD card init failed -- check the card is inserted
5,1,10680668,4.312,-3.938,3.438,3.438,-0.078,-0.432,0.000,99983.58,36.91,-0.009,-0.536,-19.6310,0.0800,0.0000,9.8700,0.0625,0.0000,-0.0625,6.2500,5.8750,-48.8750,0.0100,0.0500,0.0000,0.0500,-0.0500,9.8000,1,1
17,4,10780648,4.312,-3.938,3.438,3.438,-0.059,0.191,0.000,99976.20,37.04,-0.182,-2.496,-19.5834,0.1000,0.0100,9.8200,0.0625,0.0000,-0.1250,5.5000,5.8750,-47.6875,0.0300,0.0500,0.0400,0.0500,-0.0500,9.8000,1,1
30,8,10890524,4.312,-3.938,3.438,3.438,-0.051,-0.538,1.379,99984.84,37.18,-0.524,-4.636,-19.5799,0.0600,0.0000,9.8200,0.0625,-0.0625,-0.0625,5.0625,5.8750,-48.8750,0.0300,0.0500,0.0100,0.0500,-0.0500,9.8000,1,1
4072,1130,44596292,3.250,-5.562,15.750,15.750,0.098,0.228,0.552,99975.76,37.64,-96.952,-97.474,-19.5929,-0.0600,0.2500,9.8400,0.0000,-0.1875,0.0000,-8.3750,-18.5625,-90.1875,0.0600,0.0200,0.0400,-0.1200,0.2300,9.8000,1,1
4086,1134,44714315,3.312,-5.500,15.515,14.938,0.272,0.571,0.739,99971.70,37.62,-96.893,-97.444,-19.4490,2.4500,-0.4000,9.4900,-13.4375,34.3750,29.7500,-7.6875,-19.7500,-89.3750,1.0200,0.6400,0.2600,-0.1200,0.2200,9.8000,1,1
4100,1138,44834495,3.250,-5.562,14.064,13.500,0.283,1.257,-1.191,99963.57,37.60,-96.875,-97.459,-19.5909,-0.0800,0.2500,9.8400,0.0625,0.1875,-0.0625,-9.1875,-19.0000,-89.3750,0.1100,0.0300,0.0000,-0.1300,0.2200,9.8000,1,1
4115,1142,44954666,3.250,-5.562,13.616,13.500,-0.120,-0.673,-2.482,99986.45,37.64,-96.889,-97.469,-19.5929,-0.0600,0.2500,9.8400,0.0000,-0.0625,-0.0625,-10.5625,-19.0000,-90.6875,0.0200,0.0000,0.0400,-0.1200,0.2200,9.8000,1,1
4129,1146,45074500,3.250,-5.562,13.527,13.500,-0.058,1.032,-0.630,99966.23,37.64,-96.924,-97.482,-19.5730,-0.0600,0.2500,9.8200,-0.1250,-0.0625,0.0000,-9.1875,-19.0000,-89.7500,0.0600,0.0100,0.0400,-0.1200,0.2200,9.8000,1,1
4144,1150,45196291,3.250,-5.562,13.505,13.500,-0.046,0.013,1.314,99978.30,37.63,-96.887,-97.480,-19.5924,-0.0700,0.2600,9.8400,0.0000,-0.0625,-0.0625,-8.0625,-19.7500,-90.1875,0.0400,0.0300,0.0300,-0.1200,0.2200,9.8000,1,1
4158,1154,45314681,3.250,-5.562,13.501,13.500,-0.115,0.428,-1.853,99973.40,37.63,-96.921,-97.493,-19.5929,-0.0600,0.2500,9.8400,0.0000,-0.0625,-0.0625,-9.5000,-18.5625,-91.0625,0.0500,0.0000,0.0100,-0.1200,0.2200,9.8000,1,1
4172,1158,45434899,3.250,-5.562,13.500,13.500,-0.182,-0.568,1.062,99985.20,37.63,-96.901,-97.495,-19.5629,-0.0500,0.2300,9.8100,0.1250,0.1875,-0.1250,-9.8750,-19.0000,-89.3750,0.0700,0.0200,0.0200,-0.1200,0.2200,9.8000,1,1
4187,1162,45555028,3.250,-5.562,13.500,13.500,-0.268,-1.077,-0.417,99991.23,37.64,-96.919,-97.504,-19.5605,-0.0800,0.2400,9.8100,0.0000,0.1875,-0.0625,-9.8750,-19.3750,-89.3750,0.0500,0.0200,0.0200,-0.1200,0.2200,9.8000,1,1
4201,1166,45674901,3.250,-5.562,13.500,13.500,-0.069,0.765,-0.206,99969.40,37.63,-96.944,-97.513,-19.5727,-0.0800,0.2800,9.8200,0.0000,-0.0625,0.0625,-10.1875,-19.3750,-89.0000,0.0500,0.0300,0.0200,-0.1200,0.2200,9.8000,1,1
4214,1169,45774866,3.562,-5.625,13.500,13.500,-0.065,0.571,1.759,99971.70,37.63,-96.933,-97.516,-19.5912,0.1300,0.2900,9.8200,2.9375,-12.5625,-0.9375,-10.1875,-19.3750,-89.7500,-0.6100,-0.1700,0.0700,-0.0800,0.2400,9.8000,1,1
4227,1173,45885314,3.312,-5.562,13.630,13.688,0.179,0.513,1.379,99972.39,37.63,-96.873,-97.513,-19.5958,-0.0500,0.2900,9.8400,0.0000,-0.1875,0.1250,-9.5000,-18.5625,-89.7500,0.0000,0.0200,0.0100,-0.1200,0.2200,9.8000,1,1
4242,1177,46005489,3.312,-5.562,13.617,13.562,0.002,0.041,-1.538,99977.98,37.62,-96.896,-97.523,-19.5738,-0.0600,0.2700,9.8200,0.1875,-0.6875,-0.1250,-8.7500,-18.2500,-89.3750,0.1000,0.0400,0.0400,-0.1200,0.2200,9.8000,1,1
4256,1181,46125312,3.250,-5.500,13.575,13.562,-0.090,0.612,-1.081,99971.22,37.62,-96.930,-97.532,-19.6556,0.0800,0.4000,9.8800,0.1250,0.0000,0.0000,-8.7500,-19.3750,-89.3750,-0.0400,-0.0200,0.0000,-0.1200,0.2200,9.8000,1,1
4271,1185,46247296,3.312,-5.500,13.565,13.562,-0.023,0.352,0.852,99974.29,37.61,-96.907,-97.532,-19.5825,-0.0600,0.2300,9.8300,-0.8750,-0.3125,-0.0625,-9.1875,-18.5625,-90.1875,0.0500,0.0100,0.0200,-0.1200,0.2200,9.8000,1,1
4285,1189,46365307,3.312,-5.562,13.563,13.562,-0.152,-0.235,-0.327,99981.24,37.63,-96.920,-97.539,-19.5722,-0.0700,0.2600,9.8200,0.0000,0.0000,0.0625,-9.1875,-19.3750,-89.0000,0.0600,0.0400,0.0100,-0.1200,0.2200,9.8000,1,1
4299,1193,46485521,3.312,-5.562,13.563,13.562,-0.265,-1.093,-1.025,99991.42,37.63,-96.932,-97.545,-19.5533,-0.0600,0.2600,9.8000,0.0000,0.0000,0.1250,-9.5000,-18.5625,-89.0000,0.0400,0.0100,0.0400,-0.1200,0.2200,9.8000,1,1
4314,1197,46605851,3.312,-5.562,13.557,13.562,-0.415,-1.197,-0.879,99992.66,37.64,-96.985,-97.562,-19.5812,-0.0800,0.2600,9.8300,0.1250,0.1250,0.0000,-9.5000,-19.3750,-89.3750,0.0300,0.0300,0.0400,-0.1200,0.2200,9.8000,1,1
4329,1201,46727295,3.312,-5.562,13.561,13.562,-0.360,0.087,-0.880,99977.43,37.61,-97.050,-97.579,-19.6124,-0.0600,0.2500,9.8600,0.1250,0.1250,0.0000,-9.1875,-19.0000,-90.1875,0.0500,0.0200,0.0500,-0.1200,0.2200,9.8000,1,1
4341,1204,46825600,3.312,-5.562,13.562,13.562,-0.370,-0.806,1.124,99988.02,37.64,-97.051,-97.582,-19.5835,-0.0500,0.2500,9.8300,0.0000,-0.1250,0.1875,-9.1875,-19.0000,-90.1875,0.0400,0.0000,0.0300,-0.1200,0.2200,9.8000,1,1
4354,1208,46935389,3.312,-5.562,13.562,13.562,-0.342,0.295,-1.977,99974.98,37.62,-97.106,-97.595,-19.5717,-0.0700,0.2500,9.8200,0.0000,0.0000,-0.1250,-8.3750,-18.5625,-89.3750,0.0400,0.0200,0.0100,-0.1100,0.2200,9.8000,1,1
4369,1212,47056005,3.312,-5.562,13.562,13.562,-0.346,-0.303,0.691,99982.05,37.62,-97.105,-97.599,-19.5925,-0.0600,0.2500,9.8400,0.0000,-0.1250,0.1875,-9.1875,-18.2500,-89.0000,0.0500,0.0200,0.0300,-0.1100,0.2200,9.8000,1,1
4383,1216,47175889,3.312,-5.562,13.562,13.562,0.032,0.476,2.666,99972.83,37.62,-97.042,-97.590,-19.5919,0.0300,0.2600,9.8300,-0.1250,0.1250,-0.8750,-9.8750,-20.0625,-89.0000,0.0300,0.0300,0.0100,-0.1100,0.2200,9.8000,1,1
4398,1220,47297291,3.312,-5.562,13.562,13.562,-0.026,0.801,-0.481,99968.96,37.64,-97.059,-97.597,-19.5709,-0.0900,0.2700,9.8200,0.0625,0.0000,-0.1250,-9.1875,-19.3750,-89.3750,0.0200,0.0400,0.0200,-0.1100,0.2200,9.8000,1,1
4412,1224,47416136,3.312,-5.562,13.650,13.875,-0.279,0.456,-2.911,99973.05,37.62,-97.121,-97.612,-19.5843,0.0600,0.2500,9.8200,0.0000,-0.0625,-8.0625,-10.1875,-18.2500,-88.1875,0.1200,0.0100,-0.0100,-0.1200,0.2200,9.8000,1,1
4426,1228,47536290,3.312,-5.562,13.824,13.875,-0.280,0.514,-0.443,99972.38,37.63,-97.136,-97.617,-19.5625,-0.0500,0.2300,9.8100,0.1250,-0.0625,0.0625,-8.3750,-18.5625,-89.7500,0.0100,0.0100,0.0100,-0.1200,0.2200,9.8000,1,1
4441,1232,47656477,3.312,-5.562,13.889,14.062,-0.286,-0.548,0.720,99984.96,37.62,-97.118,-97.615,-19.5822,-0.1900,0.2900,9.8400,0.1875,0.1875,-11.7500,-10.1875,-19.7500,-91.0625,-0.0300,0.0400,0.0200,-0.1200,0.2200,9.8000,1,1
4455,1236,47776317,3.250,-5.500,15.035,16.125,-0.071,0.447,0.747,99973.16,37.62,-97.104,-97.615,-19.5186,-0.4900,0.3500,9.8000,0.1875,-0.2500,-19.6875,-9.1875,-18.5625,-90.1875,-0.1000,0.0700,0.0200,-0.1200,0.2200,9.8000,1,1
4470,1240,47898291,3.250,-5.500,17.392,18.625,-0.147,0.336,-0.952,99974.48,37.63,-97.116,-97.618,-19.5874,-0.0600,0.3100,9.8300,0.2500,0.0000,-10.8750,-5.3750,-18.2500,-89.0000,0.0600,0.0900,0.0300,-0.1300,0.2100,9.8000,1,1
4484,1244,48016329,3.000,-5.375,22.759,29.750,-0.257,0.146,-0.894,99976.73,37.63,-97.145,-97.629,-19.6177,0.2800,0.4100,9.8200,1.6250,0.8750,-218.8125,-4.6875,-17.0625,-89.3750,0.7200,-0.5700,0.0200,-0.1800,0.1900,9.8000,1,1
4498,1248,48136677,2.375,-4.750,50.106,74.375,-0.357,-0.817,0.120,99988.14,37.64,-97.143,-97.637,-19.4986,1.1900,1.3200,9.5800,0.9375,-2.2500,-400.4375,6.7500,-8.5625,-87.7500,-0.7100,1.6100,0.0800,-0.2700,0.0800,9.8000,1,1
4513,1252,48256849,2.625,-4.000,91.715,113.625,-0.256,-0.224,0.488,99981.12,37.63,-97.150,-97.644,-19.6494,0.0900,0.8900,9.8300,0.8125,0.8750,-205.9375,15.3750,23.6875,-88.1875,0.6300,0.8400,0.0100,-0.2400,-0.0500,9.8000,1,1
4527,1256,48376514,2.500,-3.750,113.859,122.188,-0.179,0.492,-0.301,99972.64,37.62,-97.164,-97.648,-19.5706,-0.2200,-0.2600,9.8200,3.1250,-5.5625,-14.1875,11.2500,32.8750,-89.0000,0.3100,0.5100,0.0500,-0.2400,-0.0800,9.8000,1,1
4543,1260,48498291,2.688,-3.938,121.132,123.312,-0.311,0.047,-0.264,99977.90,37.62,-97.196,-97.662,-19.6680,0.2100,0.4500,9.8600,1.4375,-2.8750,-17.8750,10.8750,35.5625,-87.0000,0.4400,0.5000,0.0500,-0.2200,-0.0500,9.8000,1,1
4558,1264,48616756,2.875,-4.250,122.913,123.375,-0.276,-0.590,0.218,99985.46,37.62,-97.181,-97.664,-19.5753,-0.1100,0.3200,9.8000,0.4375,-1.4375,0.1250,10.0625,35.8750,-88.5625,0.1200,0.3000,0.0300,-0.1900,0.0000,9.8000,1,1
4574,1268,48737560,2.938,-4.438,122.724,121.188,-0.120,0.196,0.469,99976.13,37.62,-97.184,-97.668,-19.5581,-0.9100,0.2800,9.8500,-0.1250,0.6250,73.8750,11.2500,34.3750,-88.1875,-1.1900,-0.1100,0.0500,-0.1800,0.0300,9.8000,1,1
4589,1272,48857293,2.938,-4.750,111.345,96.375,-0.310,-1.505,-0.607,99996.30,37.63,-97.179,-97.668,-19.3876,-3.7300,-0.0600,9.9400,-3.5625,5.5625,362.9375,13.0625,27.6875,-88.5625,-1.6500,-0.4700,0.1200,-0.1800,0.0900,9.8000,1,1
4603,1276,48976855,4.562,-5.000,70.018,36.812,-0.217,-0.094,-0.288,99979.58,37.63,-97.207,-97.692,-19.8129,0.9300,1.9400,9.8400,-11.8750,-31.1250,511.4375,13.5000,4.3750,-88.5625,0.0000,2.1200,-1.4900,0.1500,0.1100,9.8000,1,1
4618,1280,49099292,4.250,-4.812,14.939,349.375,-0.115,-0.451,1.306,99983.81,37.63,-97.167,-97.677,-19.7077,-1.0300,0.4100,10.0200,0.5625,-0.3125,117.2500,-20.2500,-21.2500,-89.0000,-1.0800,0.3100,0.2200,0.0400,0.0900,9.8000,1,1
4632,1284,49217161,4.312,-4.750,-7.990,344.688,-0.122,0.367,-1.131,99974.12,37.61,-97.190,-97.680,-19.5252,-0.2300,0.2500,9.7800,-0.2500,-0.1250,-0.6875,-29.1875,-20.5000,-89.3750,-0.3900,0.1200,0.0100,0.0500,0.0900,9.8000,1,1
4646,1288,49337313,3.875,-4.812,-12.850,347.938,-0.161,-1.223,1.732,99992.95,37.63,-97.133,-97.646,-16.4732,-3.4300,0.2200,6.9800,0.8750,16.1250,-111.6875,-28.3750,-20.5000,-89.7500,-1.2100,-0.3300,-1.1800,0.0200,0.1000,9.8000,1,1
4661,1292,49457486,4.250,-4.812,-8.107,352.812,-0.237,-0.846,-0.650,99988.48,37.62,-97.159,-97.672,-19.6692,1.7500,-0.3100,9.8000,0.1250,-0.9375,48.5625,-21.3750,-21.2500,-88.1875,0.6200,0.6600,0.1000,0.0400,0.1000,9.8000,1,1
4675,1296,49577307,4.250,-4.812,-9.822,348.812,-0.215,-1.096,-0.086,99991.45,37.63,-97.151,-97.675,-19.4286,0.5300,-1.2400,9.7300,-0.6875,0.5625,23.3125,-24.7500,-21.2500,-87.7500,-1.3700,-1.1400,-0.0900,0.0400,0.0900,9.8000,1,1
4690,1300,49699294,4.375,-4.562,-18.557,332.062,-0.196,-0.438,-0.434,99983.65,37.61,-97.169,-97.676,-19.6267,-0.0700,-0.5800,9.9300,-1.6875,0.6250,173.0625,-31.7500,-19.7500,-87.3750,-0.1400,-0.6400,0.1200,0.0700,0.0500,9.8000,1,1
4704,1304,49817491,4.812,-4.312,-35.198,311.875,-0.202,-0.119,0.035,99979.87,37.62,-97.177,-97.688,-19.6531,-0.4300,1.2100,9.8400,-0.8125,0.3750,263.1250,-38.8750,-15.2500,-88.1875,-1.7100,0.9200,0.1100,0.1300,0.0000,9.8000,1,1
4718,1308,49937699,4.875,-4.062,-56.254,291.625,-0.364,-0.660,-0.352,99986.28,37.64,-97.199,-97.687,-19.7326,-0.1200,0.7700,9.9300,-0.3125,-0.5625,136.8750,-48.8750,-5.2500,-87.3750,-0.6800,1.2400,-0.0500,0.1500,-0.0400,9.8000,1,1
4733,1312,50057836,4.312,-3.625,-73.919,277.938,-0.237,-0.514,0.861,99984.55,37.62,-97.182,-97.690,-19.7669,1.5300,-0.3800,9.9400,-1.2500,0.5625,60.9375,-53.2500,6.1875,-88.1875,1.5000,-1.5600,-0.3500,0.0600,-0.1100,9.8000,1,1
4747,1316,50177606,4.312,-3.625,-80.455,278.312,-0.152,0.024,-0.255,99978.18,37.63,-97.186,-97.694,-19.6424,-0.0400,0.0800,9.8800,-0.7500,2.0000,-31.9375,-53.6875,8.7500,-87.0000,1.0100,-0.1100,-0.0600,0.0600,-0.1100,9.8000,1,1
4762,1320,50299292,4.438,-3.750,-77.165,288.688,-0.305,-0.909,-0.158,99989.23,37.64,-97.195,-97.703,-19.2462,2.5100,0.3000,9.3000,-0.3125,3.3125,-179.8125,-53.6875,5.0625,-87.3750,2.4300,0.4000,-0.5000,0.0800,-0.0900,9.8000,1,1
4776,1324,50417764,4.500,-4.562,-53.383,333.062,-0.090,0.673,0.245,99970.49,37.63,-97.200,-97.701,-19.8120,3.9400,-0.6000,9.8000,2.8750,1.3750,-530.8125,-48.0625,-6.3750,-88.1875,2.5400,-1.6200,0.3100,0.0900,0.0500,9.8000,1,1
4790,1328,50537874,4.312,-5.188,-12.828,9.062,-0.078,0.362,-0.721,99974.17,37.60,-97.183,-97.658,-19.3671,-0.7500,-0.9900,9.7700,0.1875,1.7500,-204.5625,-24.0000,-22.0000,-86.5625,-1.4700,-1.2000,0.2500,0.0500,0.1600,9.8000,1,1
4805,1332,50658304,3.875,-5.125,12.193,19.062,-0.240,0.091,-1.244,99977.38,37.64,-97.211,-97.648,-19.7968,-0.4700,1.4100,10.0000,-0.5000,-1.1250,59.5000,-6.5625,-18.5625,-87.3750,-0.0700,-0.0500,-0.0300,-0.0200,0.1500,9.8000,1,1
4818,1335,50758305,3.875,-5.125,16.853,20.438,-0.263,-0.591,-0.735,99985.47,37.63,-97.205,-97.659,-19.1296,-1.3200,-0.1400,9.5100,0.5000,0.8125,-88.9375,-7.6875,-19.7500,-88.1875,-0.4100,-0.6500,0.0300,-0.0200,0.1500,9.8000,1,1
4831,1339,50868128,3.250,-5.125,32.651,53.250,-0.215,0.989,-1.450,99966.74,37.62,-97.253,-97.676,-19.5640,1.5400,-0.8100,9.7200,4.8750,-0.6875,-621.2500,-1.6875,-16.7500,-89.0000,1.8800,-0.8300,-0.2900,-0.1400,0.1500,9.8000,1,1
4845,1343,50988306,3.062,-5.000,68.828,85.125,-0.210,0.100,0.606,99977.28,37.62,-97.220,-97.670,-19.1962,-3.3000,-0.4100,9.7500,-0.1875,0.6250,-36.3125,15.3750,6.5625,-89.0000,-0.9400,0.3100,0.0200,-0.1400,0.1300,9.8000,1,1
4860,1347,51108471,4.000,-5.312,60.259,30.250,-0.099,-0.010,1.124,99978.58,37.62,-97.187,-97.657,-19.5472,-3.4300,0.6600,10.0800,-0.2500,-6.7500,653.2500,13.5000,0.2500,-87.7500,-4.3000,-0.2400,0.0100,0.0000,0.1800,9.8000,1,1
4874,1351,51228322,4.188,-5.250,25.365,15.812,0.103,0.031,1.746,99978.09,37.63,-97.119,-97.645,-19.6742,-0.1700,1.5200,9.8400,1.1875,-0.8125,-229.4375,-10.5625,-20.8750,-88.1875,1.6700,2.2200,-0.1900,0.0200,0.1700,9.8000,1,1
4889,1355,51350298,3.125,-5.000,59.561,90.250,-0.235,-0.315,-2.493,99982.20,37.63,-97.175,-97.662,-19.0110,-5.6700,-1.8300,9.8500,1.0000,-1.5625,-147.1250,16.3750,6.5625,-88.1875,-5.5100,-1.9700,0.0400,-0.1500,0.1300,9.8000,1,1
4903,1359,51468294,3.812,-5.312,68.263,54.688,-0.344,-0.906,-0.729,99989.20,37.63,-97.189,-97.653,-19.6939,-0.9000,5.6400,9.6600,0.8125,1.8125,502.6875,16.7500,9.5625,-88.5625,0.4500,4.8700,-0.0800,-0.0200,0.1900,9.8000,1,1
4917,1363,51588677,4.188,-5.312,41.020,28.625,-0.359,-0.914,0.590,99989.30,37.63,-97.198,-97.660,-19.6240,-0.1000,1.0300,9.8200,0.3750,-2.6250,93.2500,2.0000,-14.1875,-88.5625,-0.3500,-0.0700,0.0000,0.0400,0.1900,9.8000,1,1
4932,1367,51708787,2.938,-5.062,46.040,71.500,-0.635,-0.600,-2.404,99985.58,37.63,-97.304,-97.688,-19.3224,2.1100,-0.0300,9.3800,5.4375,0.3125,-613.0625,5.6875,-11.8750,-88.5625,1.6900,0.4300,0.2000,-0.1800,0.1300,9.8000,1,1
4946,1371,51828496,3.125,-5.062,76.937,83.938,-0.546,0.234,0.379,99975.69,37.63,-97.341,-97.700,-19.7155,0.8200,0.9100,9.8400,-1.0625,1.3125,281.6250,17.8750,14.3750,-88.1875,1.6200,1.7300,0.0000,-0.1300,0.1500,9.8000,1,1
4961,1375,51950291,4.500,-5.125,36.974,3.875,-0.203,0.010,3.861,99978.34,37.63,-97.262,-97.676,-19.5411,-0.3700,0.4700,9.8000,-1.5000,3.8125,146.1250,-7.6875,-19.0000,-89.7500,-0.4600,0.3100,0.0000,0.0800,0.1500,9.8000,1,1
4975,1379,52068856,4.438,-5.125,10.990,4.375,-0.502,-0.758,-2.404,99987.45,37.62,-97.315,-97.687,-19.4610,-1.0700,0.1100,9.8100,1.6250,-3.3750,-137.5000,-16.5625,-21.5625,-89.7500,-1.0000,0.3200,0.0000,0.0700,0.1600,9.8000,1,1
4989,1383,52188879,2.688,-4.875,45.251,84.938,-0.383,-0.785,1.299,99987.77,37.64,-97.298,-97.698,-20.5146,-2.4600,-3.0100,11.1100,8.8125,-39.1250,-556.9375,0.0625,-16.7500,-87.3750,-3.8100,-2.8800,0.1400,-0.2100,0.1100,9.8000,1,1
5004,1387,52309290,3.312,-5.250,79.706,72.500,-0.587,-1.138,-1.905,99991.95,37.64,-97.360,-97.718,-20.0092,0.1800,0.9700,10.1900,-1.1250,-5.6875,829.6250,17.8750,17.6875,-88.1875,-1.4700,0.0400,-0.0400,-0.1100,0.1700,9.8000,1,1
5018,1391,52428873,4.250,-5.062,31.797,4.062,-0.478,-0.370,0.620,99982.85,37.63,-97.378,-97.718,-19.4427,-0.6700,-0.2700,9.7800,-5.7500,13.1250,74.0625,-6.5625,-18.5625,-88.5625,0.0300,0.2600,0.0400,0.0500,0.1400,9.8000,1,1
5033,1395,52551291,4.188,-5.375,13.556,26.438,-0.118,0.701,1.825,99970.15,37.63,-97.334,-97.709,-19.6826,1.8700,4.2300,9.4600,0.8125,3.0000,-827.1250,-15.0625,-21.5625,-89.0000,1.8300,4.0300,-0.3300,0.0300,0.1900,9.8000,1,1
5047,1399,52669130,3.062,-5.000,64.629,92.500,-0.165,-1.270,1.748,99993.52,37.63,-97.268,-97.711,-19.3309,-2.8900,-2.2900,9.9500,1.3750,-2.3750,-116.3750,15.3750,9.1875,-88.1875,0.4500,-0.2000,-0.0600,-0.1600,0.1300,9.8000,1,1
5060,1403,52789496,4.000,-5.375,70.410,42.062,-0.182,-1.835,1.153,100000.21,37.63,-97.231,-97.704,-19.4875,0.4800,-1.4000,9.8000,0.4375,-6.3750,1204.3750,16.7500,15.8750,-87.3750,0.8100,-1.9100,-0.1200,0.0200,0.1900,9.8000,1,1
5075,1407,52909645,4.375,-4.938,13.701,353.688,-0.069,-0.741,0.918,99987.24,37.62,-97.214,-97.713,-19.6076,0.3200,-0.1500,9.8500,0.1875,-1.8750,3.0000,-20.6875,-22.3750,-89.3750,-0.1600,0.1200,0.0400,0.0600,0.1200,9.8000,1,1
5089,1411,53029310,2.812,-5.250,17.341,48.000,-0.231,-0.241,-1.803,99981.32,37.64,-97.259,-97.805,-23.6587,7.6600,-2.8000,13.3600,15.8750,56.8750,-1092.6250,-18.3750,-22.7500,-88.5625,2.8000,-1.4600,-1.5600,-0.4200,0.1700,9.7900,1,1
5104,1415,53151297,2.812,-4.938,75.652,95.062,-0.184,-0.454,0.880,99983.84,37.63,-97.243,-97.789,-19.6985,-0.4900,1.0800,9.9300,-1.7500,3.7500,60.0000,17.1875,17.6875,-88.5625,-0.2800,0.9600,0.1200,-0.2000,0.1200,9.8000,1,1
5118,1419,53269492,4.312,-5.312,59.321,22.312,-0.210,0.134,-0.550,99976.88,37.63,-97.269,-97.790,-19.6189,0.4600,-0.2700,9.8600,-0.7500,0.1875,960.4375,14.2500,3.5625,-89.0000,1.8600,0.6000,-0.0400,0.0800,0.1700,9.8000,1,1
5132,1423,53389693,4.438,-4.938,11.969,355.188,-0.125,0.271,0.617,99975.26,37.62,-97.256,-97.793,-19.5519,-0.7800,0.1100,9.8700,0.6875,-1.6250,-13.3750,-19.5625,-20.5000,-88.5625,-1.3100,-0.4900,0.0200,0.0800,0.1200,9.8000,1,1
5147,1427,53509855,2.688,-5.000,36.938,82.438,-0.040,-0.336,1.237,99982.45,37.63,-97.219,-97.779,-17.7236,-0.1900,-0.3700,7.9900,10.1250,7.9375,-838.6250,3.3750,-13.3750,-88.5625,0.1600,-2.2500,2.2000,-0.2200,0.1300,9.8000,1,1
5161,1431,53629704,3.562,-5.375,69.570,65.625,-0.214,-0.957,-0.778,99989.80,37.63,-97.232,-97.796,-19.4151,-2.8700,-0.4800,9.9700,-1.6250,2.8125,798.1250,16.3750,13.6875,-88.5625,-1.4300,0.3400,0.2900,-0.0400,0.2000,9.8000,1,1
5175,1435,53751290,4.375,-5.062,25.144,0.188,-0.027,0.654,0.389,99970.72,37.63,-97.241,-97.799,-19.4311,-1.0600,0.0600,9.7800,-0.1250,0.1875,46.1250,-16.5625,-21.2500,-89.3750,-1.1300,-0.0800,-0.0100,0.0700,0.1400,9.8000,1,1
5189,1439,53869955,3.375,-5.312,23.754,50.500,0.076,0.074,1.191,99977.59,37.63,-97.188,-97.802,-20.0958,6.2000,-0.9500,9.8300,3.7500,16.1250,-1151.4375,-12.8750,-20.5000,-88.5625,7.1200,-1.6200,0.2300,-0.1500,0.1700,9.8000,1,1
5203,1443,53990016,3.000,-5.188,73.058,87.625,-0.126,-1.211,-0.948,99992.81,37.63,-97.182,-97.793,-19.8796,0.3500,4.1300,9.8800,0.6250,-2.5625,126.3125,16.3750,14.3750,-88.1875,1.2100,1.9500,0.0200,-0.1600,0.1600,9.8000,1,1
5218,1447,54110290,4.250,-5.062,39.856,3.188,-0.051,0.006,0.483,99978.40,37.60,-97.198,-97.799,-18.8362,-2.2000,-0.8700,9.3500,0.0625,-0.5000,-3.1875,-2.8750,-16.7500,-90.6875,-0.7500,-0.2900,0.1500,0.0400,0.1400,9.8000,1,1
5232,1451,54230136,4.312,-5.312,14.781,17.562,-0.131,-1.324,0.139,99994.15,37.64,-97.172,-97.788,-19.7315,-0.0400,2.2500,9.8300,1.9375,-2.2500,-661.1875,-16.1875,-21.2500,-90.1875,2.2600,3.4400,-0.0500,0.0200,0.1900,9.8000,1,1
5247,1455,54352291,2.812,-5.062,67.492,92.812,0.008,1.095,-0.741,99965.48,37.64,-97.215,-97.756,-19.1276,-3.3400,-4.5800,9.8900,0.7500,-3.2500,21.7500,16.3750,16.5625,-87.7500,-3.1400,-4.7200,0.0900,-0.2000,0.1400,9.8000,1,1
5261,1459,54470309,4.000,-5.438,69.033,43.688,-0.311,-1.384,-1.038,99994.87,37.63,-97.214,-97.755,-19.5727,0.5600,1.8700,9.6500,-0.8750,-2.6250,1072.1250,17.1875,11.7500,-89.3750,0.9100,0.5500,-0.1800,0.0300,0.2000,9.8000,1,1
5275,1463,54590664,4.062,-5.188,28.830,15.438,-0.347,-0.594,-1.092,99985.51,37.64,-97.263,-97.754,-19.6069,0.6000,0.0100,9.8100,-1.0625,0.6875,33.6250,-9.1875,-19.3750,-89.0000,0.9300,0.4200,0.0600,0.0100,0.1500,9.8000,1,1
5290,1467,54710687,4.188,-5.125,15.266,9.562,-0.208,-0.079,1.761,99979.40,37.63,-97.256,-97.756,-19.5110,-0.3300,0.2600,9.7800,-0.5625,-0.0625,68.8125,-11.3750,-20.8750,-90.6875,-0.0300,0.2100,0.0000,0.0300,0.1500,9.8000,1,1
5304,1471,54830514,4.250,-5.125,8.587,6.062,0.113,1.338,0.914,99962.60,37.64,-97.223,-97.742,-19.5447,-0.0500,0.2500,9.7900,-0.1875,0.2500,0.1875,-14.6875,-21.2500,-89.3750,-0.1100,0.0700,0.0000,0.0400,0.1500,9.8000,1,1
5319,1475,54952291,4.125,-5.125,6.747,7.062,-0.068,-1.084,0.305,99991.31,37.64,-97.165,-97.734,-19.2757,-1.2800,-0.4600,9.6800,-0.1875,0.5000,-55.6875,-15.0625,-20.5000,-88.1875,-1.3100,-0.6100,-0.1200,0.0300,0.1500,9.8000,1,1
5333,1479,55070673,4.188,-5.188,9.432,10.562,0.088,0.220,-0.138,99975.85,37.65,-97.152,-97.729,-19.7430,0.3800,0.8100,9.9100,0.8125,-2.6875,-1.8125,-11.6875,-21.2500,-89.3750,-0.0600,0.2800,-0.0100,0.0300,0.1600,9.8000,1,1
5347,1483,55190988,4.125,-5.188,10.399,10.688,0.118,1.292,-1.057,99963.15,37.63,-97.161,-97.731,-19.5731,-0.0500,0.2300,9.8200,0.0000,0.0000,0.0625,-12.5000,-20.0625,-89.3750,-0.0900,0.0600,0.0500,0.0300,0.1600,9.8000,1,1
5362,1487,55311128,4.125,-5.188,10.628,10.688,0.096,0.674,-0.588,99970.48,37.64,-97.136,-97.726,-19.5714,-0.0600,0.2200,9.8200,0.0625,0.0000,-0.1250,-12.8750,-20.0625,-89.8750,-0.0800,0.0500,0.0200,0.0200,0.1600,9.8000,1,1
5375,1490,55411306,4.125,-5.188,10.672,10.688,0.013,0.035,0.583,99978.05,37.64,-97.128,-97.723,-19.5729,-0.0600,0.2400,9.8200,0.0000,0.1250,0.1250,-12.5000,-20.5000,-89.7500,-0.1000,0.0700,0.0200,0.0200,0.1600,9.8000,1,1
5388,1494,55521126,4.062,-5.188,10.684,10.688,0.032,-0.425,0.888,99983.50,37.64,-97.093,-97.716,-19.5620,-0.0600,0.2200,9.8100,0.0000,-0.0625,0.0625,-13.1875,-20.8750,-91.5000,-0.0900,0.0600,0.0300,0.0100,0.1700,9.8000,1,1
5402,1498,55641345,4.062,-5.250,10.687,10.688,0.081,-1.171,0.986,99992.34,37.62,-97.038,-97.706,-19.5839,-0.0500,0.2500,9.8300,0.0000,-0.1250,0.0000,-12.5000,-21.2500,-89.7500,-0.0900,0.0700,0.0200,0.0100,0.1700,9.8000,1,1
5414,1501,55741021,4.062,-5.250,10.687,10.688,0.023,0.170,-1.417,99976.45,37.63,-97.080,-97.715,-19.5801,-0.0600,0.2100,9.8300,0.0625,0.0000,0.1875,-13.1875,-21.2500,-89.7500,-0.0800,0.0400,0.0200,0.0100,0.1700,9.8000,1,1
5428,1505,55853292,4.000,-5.250,10.687,10.688,-0.034,0.019,-0.395,99978.23,37.64,-97.088,-97.717,-19.5739,-0.0400,0.2300,9.8200,0.0625,0.0625,0.0000,-13.1875,-20.0625,-88.5625,-0.0400,0.0500,0.0200,0.0000,0.1700,9.8000,1,1
5442,1509,55971313,4.000,-5.250,10.606,10.312,-0.019,-0.341,-0.421,99982.51,37.65,-97.075,-97.728,-19.5122,-1.0800,1.1400,9.7900,-0.3125,0.3750,26.6250,-12.5000,-21.2500,-89.3750,-0.8600,0.8600,-0.0700,0.0000,0.1800,9.8000,1,1
5456,1513,56091526,4.250,-5.188,5.788,358.500,-0.276,-0.215,-2.862,99981.01,37.64,-97.149,-97.741,-19.4666,-0.8000,1.4700,9.6900,-1.8125,-0.6250,239.5625,-14.3750,-21.2500,-89.7500,-0.2000,1.5100,0.0000,0.0500,0.1500,9.8000,1,1
5471,1517,56211670,4.750,-4.625,-17.975,325.438,-0.167,-0.686,1.222,99986.59,37.65,-97.124,-97.723,-19.4291,-1.6300,-1.0900,9.9100,-3.2500,3.4375,183.1250,-34.0625,-19.3750,-89.0000,-1.9000,0.0000,-0.1100,0.1300,0.0600,9.8000,1,1
5485,1521,56331513,4.750,-4.438,-35.502,317.938,-0.014,1.453,0.201,99961.24,37.62,-97.155,-97.733,-19.6753,1.5500,-0.2200,9.8300,-1.0000,0.7500,0.7500,-42.1875,-13.0625,-87.7500,0.0000,-0.3400,-0.0300,0.1200,0.0300,9.8000,1,1
5500,1525,56453294,4.438,-5.062,-27.371,350.625,0.065,0.568,1.230,99971.73,37.65,-97.102,-97.711,-19.5918,0.5500,0.4400,9.7700,2.2500,0.0625,-372.3125,-32.5625,-18.5625,-89.0000,0.4700,0.2900,-0.0300,0.0700,0.1400,9.8000,1,1
5514,1529,56571764,4.062,-5.250,-0.830,10.688,-0.171,-0.122,-2.221,99979.91,37.64,-97.137,-97.707,-19.5395,0.1000,0.1300,9.7800,0.1250,0.6250,-41.0000,-14.6875,-20.8750,-88.1875,0.1600,0.1400,-0.0200,0.0100,0.1800,9.8000,1,1
5528,1533,56691886,4.000,-5.312,9.475,13.000,-0.221,-0.646,-0.969,99986.12,37.65,-97.144,-97.710,-19.7112,-0.0100,1.1800,9.8900,1.0000,-0.9375,-4.3750,-10.5625,-20.5000,-88.5625,-0.7800,0.3900,0.0100,0.0000,0.1800,9.8000,1,1
5540,1536,56792042,4.062,-5.312,11.670,12.188,-0.312,-0.846,0.345,99988.48,37.64,-97.169,-97.713,-19.5969,-0.1200,0.4000,9.8400,0.1250,-0.7500,11.5000,-11.0000,-20.0625,-87.7500,0.1600,0.2800,0.0400,0.0200,0.1800,9.8000,1,1
5555,1540,56912133,4.125,-5.375,11.937,12.000,-0.261,0.599,-0.808,99971.36,37.62,-97.220,-97.725,-19.6306,0.1800,0.3600,9.8500,1.8750,-3.5625,0.0000,-10.5625,-19.7500,-89.7500,-0.3100,-0.0600,0.0000,0.0200,0.1900,9.8000,1,1
5567,1543,57012412,4.062,-5.312,11.802,11.500,-0.468,-1.692,0.448,99998.52,37.65,-97.221,-97.731,-19.5381,-0.8800,-0.2800,9.9000,-0.1875,-0.5000,20.0625,-11.6875,-20.5000,-89.7500,0.0600,-0.2500,0.1700,0.0100,0.1800,9.8000,1,1
5580,1547,57122127,4.000,-5.312,11.056,10.750,-0.339,0.388,-0.787,99973.87,37.64,-97.272,-97.733,-19.4377,-0.5600,-0.8800,9.8100,-0.3125,-0.1875,-2.6250,-12.5000,-20.0625,-89.0000,-0.0400,0.0700,0.0300,0.0000,0.1800,9.8000,1,1
5594,1551,57242501,4.000,-5.312,11.485,12.375,-0.022,0.516,2.629,99972.34,37.66,-97.204,-97.718,-19.6294,0.2500,0.3700,9.8400,0.1875,0.0000,-13.3125,-12.8750,-20.8750,-89.3750,-0.0800,0.0200,0.0400,0.0000,0.1800,9.8000,1,1
5609,1555,57362649,4.000,-5.312,12.760,13.250,-0.074,0.776,-0.854,99969.27,37.65,-97.218,-97.720,-19.4948,-0.9900,-0.2000,9.8600,-0.1250,0.6875,5.0625,-9.5000,-20.8750,-88.1875,-0.2600,-0.0100,0.0500,0.0000,0.1800,9.8000,1,1
5623,1559,57482490,4.000,-5.312,13.126,13.125,-0.146,-0.251,0.092,99981.44,37.65,-97.194,-97.715,-19.6388,-0.1100,0.7000,9.8600,0.6250,-1.8750,12.5000,-10.5625,-20.5000,-89.7500,-0.2800,0.5400,-0.0100,0.0000,0.1800,9.8000,1,1
5638,1563,57604291,4.000,-5.312,12.931,12.875,0.091,1.054,1.242,99965.97,37.64,-97.173,-97.711,-19.5738,-0.0300,0.2300,9.8200,-0.1250,0.5000,-0.0625,-11.0000,-20.0625,-89.3750,-0.0300,0.0400,0.0100,0.0000,0.1800,9.8000,1,1
5652,1567,57722039,4.000,-5.312,12.888,12.875,0.014,0.022,-0.423,99978.21,37.66,-97.143,-97.706,-19.5639,-0.1300,0.2200,9.8200,-0.3125,0.4375,0.0625,-11.0000,-20.0625,-89.0000,-0.1300,0.0300,0.0100,0.0000,0.1800,9.8000,1,1
5665,1570,57822765,4.000,-5.312,12.878,12.875,-0.155,-1.098,-0.091,99991.48,37.66,-97.150,-97.708,-19.5817,-0.0600,0.2400,9.8300,-0.1875,0.3750,0.1875,-11.6875,-20.5000,-87.7500,-0.0400,0.0600,0.0200,0.0000,0.1800,9.8000,1,1
5678,1574,57932693,4.000,-5.312,12.547,12.250,0.041,0.996,-0.043,99966.66,37.64,-97.156,-97.710,-19.5497,0.3900,0.1800,9.7600,-0.1250,-0.0625,1.5000,-12.0625,-20.0625,-88.5625,0.2700,-0.0300,0.0200,0.0000,0.1800,9.8000,1,1
5693,1578,58055291,4.000,-5.312,12.090,12.000,0.113,0.519,0.621,99972.31,37.66,-97.109,-97.701,-19.5586,-0.0800,0.2200,9.8100,0.0000,0.0625,-0.0625,-11.3750,-21.2500,-89.0000,-0.0800,0.0300,0.0100,0.0000,0.1800,9.8000,1,1
5705,1581,58153637,4.000,-5.312,12.026,12.000,0.082,0.975,-0.391,99966.91,37.65,-97.118,-97.704,-19.6018,-0.0500,0.2300,9.8500,0.0625,-0.1875,0.0000,-11.3750,-19.7500,-88.5625,-0.0700,0.0600,0.0200,0.0000,0.1800,9.8000,1,1
5718,1585,58263483,4.000,-5.312,12.006,12.000,-0.034,-1.018,1.041,99990.52,37.66,-97.071,-97.695,-19.5704,-0.0600,0.2200,9.8200,0.0000,0.1875,0.0625,-10.5625,-20.5000,-89.3750,-0.0400,0.0500,0.0500,0.0000,0.1800,9.8000,1,1
5732,1589,58383307,4.000,-5.312,12.001,12.000,-0.133,0.438,-3.102,99973.27,37.65,-97.148,-97.711,-19.5717,-0.8500,0.7200,9.8600,0.5625,-1.1875,-0.4375,-11.3750,-20.8750,-89.0000,-2.5600,1.1300,0.0300,0.0000,0.1900,9.8000,1,1
5747,1593,58505291,4.125,-5.375,12.201,12.250,0.370,0.903,3.832,99967.76,37.65,-97.029,-97.690,-19.7030,0.9300,0.3900,9.8500,4.1875,-9.8125,-2.1875,-10.5625,-20.0625,-89.3750,0.9000,0.1900,0.0500,0.0200,0.1900,9.8000,1,1
5761,1597,58623318,4.000,-5.312,12.110,12.000,0.415,0.309,0.904,99974.80,37.66,-96.958,-97.679,-19.6538,0.4700,0.0000,9.8700,-2.6875,4.8750,4.0625,-11.6875,-20.8750,-88.5625,0.7100,-0.1100,0.0100,0.0000,0.1800,9.8000,1,1
5775,1601,58743592,4.188,-5.125,11.712,11.500,0.693,0.619,2.229,99971.13,37.65,-96.846,-97.658,-19.3974,-1.0000,0.7500,9.6900,0.0625,0.5000,-0.3750,-12.0625,-21.2500,-88.5625,-1.4300,0.6800,-0.0400,0.0400,0.1500,9.8000,1,1
5790,1605,58863859,4.250,-5.188,11.499,11.375,0.265,-0.347,-3.191,99982.58,37.65,-96.873,-97.663,-19.5510,-0.2000,0.1300,9.8200,0.3750,-0.9375,1.1875,-11.6875,-20.0625,-89.3750,-0.6500,-0.2700,0.0500,0.0500,0.1600,9.8000,1,1
5804,1609,58983681,4.250,-5.062,10.902,10.438,0.136,-1.300,-0.290,99993.88,37.66,-96.852,-97.662,-19.6029,0.0100,0.2800,9.8400,-1.2500,-0.6875,3.8750,-12.5000,-20.8750,-88.5625,-0.6600,0.4700,0.0600,0.0400,0.1400,9.8000,1,1
5820,1613,59106291,4.250,-5.188,10.730,11.062,0.090,0.496,-1.755,99972.59,37.65,-96.924,-97.676,-19.6740,0.1700,0.4000,9.8900,1.8125,-2.1250,-17.6875,-12.8750,-19.7500,-88.1875,0.1200,0.2400,0.0900,0.0400,0.1600,9.8000,1,1
5832,1616,59204538,4.250,-5.188,11.200,11.125,0.063,0.032,0.479,99978.09,37.66,-96.920,-97.678,-19.6360,0.3000,0.4000,9.8400,0.3125,-0.1250,23.9375,-12.5000,-20.0625,-89.0000,-0.1600,0.0500,0.0000,0.0500,0.1600,9.8000,1,1
5846,1620,59324137,4.375,-5.062,7.405,3.188,0.044,0.438,-0.562,99973.27,37.63,-96.940,-97.686,-19.6626,0.1500,-0.2600,9.9300,-0.6875,-0.5000,110.8125,-15.0625,-21.5625,-89.0000,-0.1300,-0.5700,-0.0700,0.0700,0.1400,9.8000,1,1
5860,1624,59444315,4.625,-4.938,-3.425,349.812,0.213,0.088,2.061,99977.42,37.65,-96.882,-97.670,-19.5013,-0.4300,0.7400,9.7400,-0.2500,-0.8750,80.4375,-22.5000,-20.8750,-89.7500,-0.2700,0.3000,-0.0600,0.1100,0.1200,9.8000,1,1
5875,1628,59564483,4.625,-4.812,-12.033,343.688,-0.101,-0.702,-2.223,99986.79,37.65,-96.931,-97.690,-19.5547,-1.5200,0.5300,9.9000,-1.5625,2.5000,56.7500,-28.0625,-20.5000,-89.3750,-3.2800,-0.4800,-0.3000,0.1100,0.1000,9.8000,1,1
5889,1632,59684314,4.812,-4.625,-21.883,330.938,-0.005,0.403,0.216,99973.69,37.65,-96.954,-97.682,-19.6169,0.4900,0.8000,9.7700,0.3125,-0.5625,66.0000,-32.1875,-18.5625,-89.3750,0.0300,0.0200,0.0700,0.1400,0.0600,9.8000,1,1
5901,1635,59784314,4.812,-4.500,-29.203,327.062,0.099,1.246,0.193,99963.69,37.64,-96.950,-97.683,-19.5506,-1.9000,0.4600,9.9200,-0.9375,1.8750,36.0625,-38.0625,-16.0625,-89.7500,-0.7000,0.3800,-0.0100,0.1300,0.0400,9.8000,1,1
5914,1639,59894697,4.812,-4.375,-35.153,320.375,0.346,1.018,1.497,99966.39,37.63,-96.888,-97.678,-19.5385,0.8100,0.1500,9.7200,0.3750,-1.0000,71.3750,-40.0000,-15.2500,-87.3750,0.4700,-0.1400,0.0000,0.1400,0.0200,9.8000,1,1
5929,1643,60014865,4.938,-4.250,-41.978,313.938,0.458,0.882,0.631,99968.01,37.65,-96.843,-97.669,-19.6338,0.4400,0.2100,9.8400,0.9375,-2.9375,57.8125,-43.2500,-12.2500,-87.7500,0.3700,-0.3000,-0.0900,0.1600,0.0100,9.8000,1,1
5943,1647,60134678,5.250,-4.250,-47.213,310.375,0.564,1.209,0.188,99964.14,37.64,-96.798,-97.664,-19.5827,0.0800,0.2000,9.8200,-0.2500,-1.5625,8.9375,-47.0000,-9.3750,-89.0000,-0.2000,0.2000,0.0400,0.2100,0.0000,9.8000,1,1
5958,1651,60255410,5.188,-4.312,-48.545,312.188,0.617,0.101,2.102,99977.27,37.66,-96.703,-97.649,-19.5939,-0.3600,0.1400,9.8700,0.0000,-0.1875,-31.0625,-45.5625,-9.3750,-88.1875,-0.5600,0.1200,0.0700,0.2000,0.0100,9.8000,1,1
5972,1655,60374952,5.062,-4.500,-44.400,319.750,0.444,0.378,-2.569,99973.98,37.65,-96.722,-97.658,-19.6765,2.0900,0.6100,9.7200,0.0000,3.1250,-102.3125,-43.2500,-11.8750,-86.5625,0.3900,0.2600,0.0900,0.1900,0.0500,9.8000,1,1
5984,1658,60474947,5.000,-4.750,-35.056,333.125,0.345,0.010,0.281,99978.34,37.64,-96.720,-97.648,-19.4645,-0.5900,-0.0300,9.7800,1.0625,-2.8750,-159.3750,-38.8750,-16.0625,-88.1875,-0.9400,-0.3400,0.0800,0.1700,0.0900,9.8000,1,1
5997,1662,60584836,4.812,-5.000,-21.374,347.250,0.102,0.134,-2.667,99976.88,37.66,-96.777,-97.664,-19.5665,0.3100,0.5300,9.7600,-0.3750,1.6875,-101.7500,-29.8750,-19.7500,-88.5625,-0.1300,0.6000,-0.0300,0.1400,0.1400,9.8000,1,1
6012,1666,60707293,4.438,-5.125,-7.631,0.125,0.357,0.853,2.158,99968.36,37.65,-96.740,-97.658,-19.6157,0.8500,-1.0100,9.8800,0.4375,0.0000,-92.5000,-20.2500,-21.2500,-87.7500,0.7800,-1.1700,0.0800,0.0700,0.1500,9.8000,1,1
6026,1670,60825137,3.938,-5.312,8.529,22.062,0.541,0.915,2.291,99967.62,37.65,-96.675,-97.654,-19.3603,-1.7100,-0.4800,9.8100,0.5000,5.0625,-252.3750,-11.6875,-19.3750,-87.0000,-1.6600,-0.8800,0.2200,-0.0200,0.1800,9.8000,1,1
6040,1674,60945503,3.438,-5.375,30.240,43.188,0.560,1.359,-0.891,99962.36,37.64,-96.659,-97.637,-19.5107,0.1200,-0.7800,9.8000,0.7500,0.6250,-152.0625,-0.1875,-14.8750,-89.0000,-0.3600,0.0800,0.0600,-0.1000,0.1900,9.8000,1,1
6055,1678,61065674,2.938,-5.188,54.066,70.625,0.177,-0.145,-2.107,99980.19,37.64,-96.687,-97.653,-19.7293,1.2000,0.3400,9.8500,1.6250,0.6250,-240.3125,12.7500,-2.6875,-89.3750,-0.0100,-0.1800,-0.0700,-0.1800,0.1600,9.8000,1,1
6069,1682,61185337,2.562,-4.875,78.208,91.688,0.186,-0.114,-0.761,99979.81,37.64,-96.700,-97.655,-19.6354,0.3600,0.0800,9.8400,0.6250,1.7500,-139.9375,16.7500,10.6875,-87.7500,1.3200,0.3100,0.0300,-0.2500,0.1100,9.8000,1,1
6084,1686,61307291,2.938,-5.188,86.924,77.062,0.296,0.185,0.963,99976.27,37.64,-96.687,-97.659,-19.3171,-1.9700,-1.3400,9.8100,-2.0000,-4.6250,526.2500,17.1875,16.1875,-87.7500,-1.7800,-1.5100,0.0100,-0.1800,0.1600,9.8000,1,1
6098,1690,61425496,4.000,-5.375,51.229,22.375,0.460,0.625,1.148,99971.05,37.64,-96.653,-97.638,-20.0066,3.9300,-0.0100,9.9000,-3.4375,-0.3125,489.8125,6.0625,-10.0625,-88.1875,0.9000,-1.0400,-0.1700,0.0100,0.1900,9.8000,1,1
6112,1694,61545896,4.312,-5.125,15.565,359.250,0.313,-0.443,-0.466,99983.71,37.63,-96.637,-97.639,-19.6306,1.1400,0.7800,9.7300,-2.8125,3.3125,125.1250,-14.0000,-20.0625,-88.1875,0.3700,0.4200,-0.0300,0.0500,0.1500,9.8000,1,1
6127,1698,61665956,4.375,-5.188,0.410,1.375,0.254,-0.900,0.254,99989.13,37.64,-96.633,-97.647,-19.8089,1.9800,1.4700,9.7800,2.2500,-3.3750,-209.6250,-22.0625,-22.0000,-88.1875,1.1200,0.7600,-0.0600,0.0600,0.1700,9.8000,1,1
6139,1701,61766039,3.125,-5.312,23.393,53.938,0.520,0.921,-0.185,99967.55,37.63,-96.619,-97.650,-19.4423,1.8200,-1.0600,9.5800,4.8125,-1.8750,-550.9375,0.0625,-16.0625,-88.5625,1.3100,-1.0300,-0.0200,-0.1500,0.1800,9.8000,1,1
6152,1705,61875948,2.875,-5.000,69.278,96.312,0.286,-0.664,-0.647,99986.33,37.64,-96.613,-97.642,-19.5877,-1.9100,0.5600,9.9700,0.5000,0.2500,-235.3750,17.5625,11.0625,-89.0000,-0.7000,-0.0600,-0.0900,-0.1900,0.1200,9.8000,1,1
6166,1709,61996047,2.500,-4.688,97.777,108.062,0.363,-0.016,0.953,99978.65,37.63,-96.610,-97.643,-19.4870,0.1900,-0.0800,9.7100,-0.5000,1.2500,8.9375,16.3750,25.1875,-88.5625,0.8300,0.0400,-0.0400,-0.2600,0.0700,9.8000,1,1
6181,1713,62116278,3.562,-5.438,80.972,50.812,0.249,-0.590,-0.600,99985.46,37.61,-96.624,-97.644,-19.3556,-1.9200,-0.2600,9.8100,-4.7500,4.4375,549.8750,15.2500,6.1875,-89.3750,-0.2600,-0.0800,0.0900,-0.0800,0.2100,9.8000,1,1
6195,1717,62236154,4.125,-5.312,36.550,14.938,0.209,0.775,-2.726,99969.27,37.63,-96.700,-97.674,-19.5520,-0.2700,0.1100,9.8300,-3.5000,6.1875,85.3125,-3.5625,-17.5000,-89.0000,0.0000,0.1900,0.0900,0.0200,0.1800,9.8000,1,1
6210,1721,62358291,4.000,-5.250,18.575,14.562,0.384,0.021,2.017,99978.22,37.62,-96.642,-97.665,-19.5089,0.1400,-0.8000,9.8100,0.0000,0.5625,-14.5000,-9.8750,-20.5000,-89.7500,0.1300,-0.9800,0.0100,0.0000,0.1800,9.8000,1,1
6224,1725,62476036,4.000,-5.250,15.895,15.500,0.230,-0.804,0.875,99987.99,37.61,-96.636,-97.664,-19.6853,0.1600,0.1400,9.9200,0.0000,-0.3125,-26.3750,-8.0625,-20.5000,-89.0000,-0.2400,0.1900,-0.0100,0.0000,0.1800,9.8000,1,1
6238,1729,62596510,4.000,-5.312,16.285,16.438,0.225,-0.511,-1.384,99984.52,37.62,-96.657,-97.670,-19.5933,-0.0500,0.2500,9.8400,-0.0625,-0.1875,0.1250,-8.0625,-20.0625,-89.0000,-0.0600,0.0100,0.0200,0.0000,0.1800,9.8000,1,1
6253,1733,62716656,4.000,-5.312,16.412,16.500,0.471,1.266,1.322,99963.45,37.60,-96.660,-97.673,-19.6437,0.2100,0.2000,9.8700,-0.0625,0.0000,0.2500,-8.3750,-19.3750,-88.5625,-0.5600,0.0400,0.0100,0.0000,0.1800,9.8000,1,1
6267,1737,62836217,4.000,-5.312,16.480,16.500,0.585,0.306,2.052,99974.84,37.59,-96.578,-97.658,-19.5628,-0.0500,0.2400,9.8100,-0.0625,-0.0625,0.1250,-8.3750,-19.7500,-88.5625,-0.0500,0.0400,0.0500,0.0000,0.1800,9.8000,1,1
6282,1741,62958292,4.000,-5.312,16.496,16.500,0.343,-0.596,-1.959,99985.53,37.60,-96.589,-97.661,-19.6011,-0.0500,0.2200,9.8500,0.0000,0.0625,-0.0625,-8.0625,-19.7500,-87.7500,-0.0500,0.0300,0.0500,0.0000,0.1800,9.8000,1,1
6296,1745,63076564,4.000,-5.312,16.499,16.500,0.315,-0.260,0.264,99981.55,37.61,-96.601,-97.665,-19.6018,-0.0500,0.2300,9.8500,0.0000,0.0000,0.0625,-7.2500,-19.3750,-89.0000,-0.0400,0.0600,0.0100,0.0000,0.1800,9.8000,1,1
6310,1749,63196597,4.000,-5.312,16.500,16.500,0.515,0.657,1.413,99970.68,37.59,-96.576,-97.661,-19.5893,-0.0700,0.2200,9.8400,-0.0625,0.0000,0.0000,-8.3750,-19.3750,-89.3750,-0.0600,0.0300,0.0300,0.0000,0.1800,9.8000,1,1
6325,1753,63317040,4.000,-5.312,16.500,16.500,0.576,0.326,1.581,99974.60,37.60,-96.534,-97.654,-19.5628,-0.0500,0.2400,9.8100,0.0000,0.1250,-0.1250,-9.1875,-19.7500,-89.0000,-0.0600,0.0400,0.0100,0.0000,0.1900,9.8000,1,1
6339,1757,63436385,4.000,-5.312,16.500,16.500,0.237,0.288,-2.856,99975.05,37.60,-96.603,-97.669,-19.5824,-0.0600,0.2500,9.8300,0.0000,-0.0625,0.0625,-8.3750,-18.5625,-87.0000,-0.0500,0.0500,0.0300,0.0000,0.1900,9.8000,1,1
6352,1760,63535432,3.938,-5.375,16.500,16.500,0.310,-0.669,-0.179,99986.39,37.62,-96.580,-97.665,-19.5929,-0.0400,0.2400,9.8400,0.0625,-0.1250,0.0000,-8.7500,-19.3750,-89.0000,-0.0300,0.0500,0.0400,-0.0100,0.1900,9.8000,1,1
6366,1764,63647343,3.938,-5.375,16.500,16.500,-0.071,-0.839,-3.541,99988.41,37.61,-96.682,-97.687,-19.5987,-0.0700,0.2200,9.8500,0.0625,0.0000,-0.0625,-8.3750,-19.3750,-88.1875,-0.0500,0.0300,0.0400,-0.0100,0.1900,9.8000,1,1
6381,1768,63767470,3.938,-5.375,16.500,16.500,0.165,0.322,0.955,99974.64,37.59,-96.697,-97.692,-19.6045,-0.0300,0.2500,9.8500,0.0625,-0.0625,0.0000,-8.7500,-20.0625,-88.5625,-0.0300,0.0400,0.0400,-0.0100,0.1900,9.8000,1,1
6395,1772,63887291,3.938,-5.375,16.500,16.500,0.338,0.771,1.138,99969.33,37.59,-96.681,-97.688,-19.5797,-0.0600,0.2200,9.8300,0.0625,-0.0625,-0.0625,-8.3750,-19.7500,-87.0000,-0.0500,0.0500,0.0500,-0.0100,0.1900,9.8000,1,1
6410,1776,64009291,3.938,-5.375,16.500,16.500,0.163,-1.010,1.204,99990.44,37.61,-96.665,-97.686,-19.5814,-0.0500,0.2300,9.8300,-0.0625,0.0000,0.0625,-8.3750,-20.0625,-88.5625,-0.0400,0.0400,0.0200,-0.0100,0.1900,9.8000,1,1
6424,1780,64127298,3.938,-5.375,16.500,16.500,0.315,-0.277,0.635,99981.74,37.61,-96.662,-97.685,-19.5608,-0.0500,0.2200,9.8100,0.0625,0.1875,-0.0625,-8.3750,-19.0000,-89.3750,-0.0300,0.0500,0.0000,-0.0100,0.1900,9.8000,1,1
6438,1784,64247684,3.938,-5.375,16.500,16.500,0.240,-0.108,-0.998,99979.74,37.61,-96.688,-97.690,-19.5599,-0.0600,0.2200,9.8100,-0.1250,-0.1250,0.0625,-8.0625,-19.7500,-89.0000,-0.0500,0.0300,0.0400,-0.0100,0.1900,9.8000,1,1
6453,1788,64367849,3.938,-5.375,16.500,16.500,0.254,-0.023,0.516,99978.73,37.61,-96.690,-97.691,-19.5691,-0.0600,0.2100,9.8200,0.0000,0.1250,0.0000,-8.0625,-19.7500,-88.5625,-0.0300,0.0400,0.0400,-0.0100,0.1900,9.8000,1,1
6467,1792,64487518,3.938,-5.375,16.500,16.500,0.348,0.147,0.452,99976.72,37.60,-96.677,-97.688,-19.5499,-0.0600,0.2200,9.8000,0.0000,0.0625,-0.1875,-8.3750,-19.3750,-89.3750,-0.0400,0.0400,0.0300,-0.0100,0.1900,9.8000,1,1
6482,1796,64609291,3.938,-5.375,16.500,16.500,0.138,0.133,-2.083,99976.88,37.59,-96.737,-97.700,-19.5804,-0.0600,0.2300,9.8300,0.1250,0.0000,-0.1250,-7.6875,-19.7500,-88.5625,-0.0500,0.0300,0.0300,-0.0100,0.1900,9.8000,1,1
6496,1800,64727766,3.938,-5.375,16.500,16.500,0.186,0.791,-0.233,99969.09,37.60,-96.760,-97.706,-19.5708,-0.0500,0.2200,9.8200,0.0000,0.0000,-0.0625,-7.2500,-19.0000,-89.7500,-0.0400,0.0500,0.0300,-0.0100,0.1900,9.8000,1,1
6508,1803,64827973,3.938,-5.375,16.500,16.500,0.271,0.654,1.008,99970.71,37.59,-96.738,-97.702,-19.5717,-0.0400,0.2200,9.8200,-0.0625,0.0000,-0.1250,-8.0625,-19.3750,-88.1875,-0.0400,0.0500,0.0300,-0.0100,0.1900,9.8000,1,1
6521,1807,64937870,3.938,-5.375,16.500,16.500,0.443,0.740,1.927,99969.70,37.59,-96.694,-97.693,-19.5324,-0.0500,0.2400,9.7800,-0.0625,0.0000,0.0625,-8.7500,-19.7500,-89.3750,-0.0600,0.0200,0.0100,-0.0100,0.1900,9.8000,1,1
6536,1811,65060291,3.938,-5.375,16.500,16.500,0.370,-0.067,-0.470,99979.26,37.59,-96.673,-97.689,-19.5698,-0.0600,0.2200,9.8200,0.0625,-0.0625,0.0000,-9.1875,-19.0000,-88.1875,-0.0500,0.0200,0.0200,-0.0100,0.1900,9.8000,1,1
6550,1815,65178137,3.938,-5.375,16.500,16.500,0.145,-0.833,-0.638,99988.34,37.60,-96.697,-97.695,-19.5691,-0.0600,0.2100,9.8200,0.0625,0.1250,0.0000,-8.3750,-19.0000,-89.0000,-0.0400,0.0500,0.0000,-0.0100,0.1900,9.8000,1,1
6564,1819,65298322,3.938,-5.375,16.500,16.500,0.097,-0.590,-0.370,99985.45,37.60,-96.729,-97.701,-19.5490,-0.0700,0.2200,9.8000,-0.1250,-0.0625,0.0000,-8.3750,-20.0625,-88.5625,-0.0500,0.0400,0.0300,-0.0100,0.1900,9.8000,1,1
6579,1823,65418488,3.938,-5.375,16.500,16.500,0.448,1.204,1.732,99964.19,37.59,-96.712,-97.699,-19.6003,-0.0600,0.2300,9.8500,0.0625,0.1250,0.0000,-8.0625,-19.0000,-88.1875,-0.0300,0.0600,0.0000,-0.0100,0.1900,9.8000,1,1
6593,1827,65538310,3.938,-5.375,16.500,16.500,0.543,0.660,1.245,99970.64,37.59,-96.654,-97.688,-19.6061,-0.0200,0.2600,9.8500,0.0625,0.1250,0.0625,-8.7500,-19.7500,-87.7500,0.0100,0.0900,0.0300,-0.0100,0.1900,9.8000,1,1
6608,1831,65660291,3.938,-5.375,16.500,16.500,0.733,-0.200,2.679,99980.83,37.59,-96.547,-97.667,-19.5897,-0.0600,0.2200,9.8400,0.0000,-0.1875,0.1250,-8.7500,-19.7500,-89.0000,-0.0500,0.0200,0.0300,-0.0100,0.1900,9.8000,1,1
6620,1834,65760292,3.938,-5.375,16.500,16.500,0.570,0.436,-1.838,99973.30,37.58,-96.581,-97.675,-19.5807,-0.0500,0.2200,9.8300,0.0625,-0.0625,0.0000,-8.7500,-19.3750,-89.3750,-0.0300,0.0300,0.0300,-0.0100,0.1900,9.8000,1,1
6633,1838,65868851,3.938,-5.375,16.500,16.500,0.456,0.428,-1.046,99973.39,37.58,-96.594,-97.678,-19.5724,-0.0400,0.2300,9.8200,0.0625,0.0000,-0.0625,-8.7500,-19.3750,-88.5625,-0.0400,0.0200,0.0000,-0.0100,0.1900,9.8000,1,1
6647,1842,65988677,3.938,-5.375,16.500,16.500,0.386,-0.087,-0.768,99979.49,37.58,-96.592,-97.677,-19.5714,-0.0500,0.2300,9.8200,0.0625,-0.0625,0.0000,-8.7500,-19.3750,-89.3750,-0.0300,0.0300,0.0400,-0.0100,0.1900,9.8000,1,1
6662,1846,66110291,3.938,-5.375,16.500,16.500,0.316,-1.045,1.472,99990.85,37.60,-96.572,-97.675,-19.5916,-0.0400,0.2200,9.8400,0.0000,0.0625,-0.0625,-8.7500,-19.7500,-89.0000,-0.0300,0.0300,0.0400,-0.0100,0.1900,9.8000,1,1
6676,1850,66228947,4.000,-5.375,16.500,16.500,0.424,0.367,0.170,99974.12,37.59,-96.587,-97.680,-19.6059,-0.0100,0.2500,9.8500,0.1875,-0.1875,0.1875,-7.6875,-18.5625,-89.0000,-0.0800,0.0000,0.0000,0.0000,0.1900,9.8000,1,1
6690,1854,66349018,4.000,-5.375,16.601,16.875,0.469,0.537,-0.146,99972.10,37.57,-96.578,-97.683,-19.6584,0.7200,0.8800,9.7900,2.0000,-2.9375,-13.6250,-8.3750,-19.0000,-87.3750,0.0500,0.3100,0.0000,0.0000,0.2000,9.8000,1,1
6705,1858,66469277,4.062,-5.500,18.519,20.188,0.834,0.665,3.390,99970.58,37.56,-96.475,-97.662,-19.6473,0.2500,0.5200,9.8500,-0.6875,0.2500,-17.3750,-6.8750,-18.5625,-89.0000,-0.1800,-0.1000,0.0700,0.0100,0.2100,9.8000,1,1
6719,1862,66589133,3.875,-5.375,20.332,20.938,0.460,0.324,-2.657,99974.62,37.59,-96.525,-97.672,-19.4946,-0.3200,-0.1000,9.7900,-1.0625,1.6875,1.3125,-6.1875,-19.3750,-89.0000,0.3900,-0.1200,0.0200,-0.0200,0.1900,9.8000,1,1
6734,1866,66711295,3.875,-5.375,21.267,21.750,0.492,0.952,-0.734,99967.18,37.58,-96.539,-97.677,-19.4058,0.0100,0.0400,9.6600,-0.4375,1.5000,-4.5625,-5.7500,-18.2500,-89.3750,0.0300,-0.1400,-0.1300,-0.0200,0.1900,9.8000,1,1
6748,1870,66829309,3.938,-5.438,22.017,22.375,0.192,-0.217,-1.978,99981.03,37.57,-96.582,-97.684,-19.5895,-0.1300,0.3300,9.8400,0.3750,-0.6875,-0.6875,-5.0625,-18.5625,-90.1875,0.0900,0.0500,0.0200,-0.0100,0.2000,9.8000,1,1
6762,1874,66949513,3.812,-5.438,22.279,22.188,0.183,-0.034,0.177,99978.87,37.59,-96.609,-97.687,-19.4377,-0.9500,0.2500,9.7700,0.2500,-0.0625,4.0625,-5.7500,-18.5625,-89.0000,-0.2600,0.3100,0.0000,-0.0200,0.2000,9.8000,1,1
6777,1878,67069666,3.938,-5.438,22.206,22.188,0.330,0.408,-0.058,99973.63,37.56,-96.614,-97.689,-19.5625,-0.0500,0.2600,9.8100,0.0625,0.0625,0.0000,-6.1875,-19.0000,-89.7500,-0.0100,0.0300,0.0100,-0.0100,0.2000,9.8000,1,1
6791,1882,67189368,3.938,-5.438,22.192,22.188,0.080,-0.698,-0.500,99986.73,37.58,-96.646,-97.695,-19.5342,-0.0200,0.2400,9.7800,-0.0625,-0.0625,0.0625,-5.0625,-18.2500,-90.6875,-0.0300,0.0300,0.0000,-0.0200,0.2100,9.8000,1,1
6806,1886,67311290,3.938,-5.438,22.188,22.188,0.378,0.671,0.785,99970.52,37.58,-96.637,-97.694,-19.6233,-0.0300,0.2500,9.8700,0.1250,0.0625,-0.2500,-5.3750,-17.5000,-89.0000,-0.0100,0.0300,0.0600,-0.0200,0.2100,9.8000,1,1
6820,1890,67429020,3.938,-5.438,22.188,22.188,0.462,0.652,1.491,99970.73,37.58,-96.610,-97.689,-19.5547,-0.0200,0.2500,9.8000,-0.0625,0.0625,0.0000,-4.6875,-18.5625,-88.5625,0.0000,0.0300,0.0000,-0.0200,0.2100,9.8000,1,1
6834,1894,67549768,3.938,-5.438,22.188,22.188,0.359,-0.467,-0.647,99984.00,37.57,-96.593,-97.686,-19.5628,-0.0400,0.2500,9.8100,0.0000,0.0625,0.0625,-5.3750,-17.8750,-89.3750,0.0000,0.0300,0.0500,-0.0200,0.2100,9.8000,1,1
6849,1898,67670030,3.875,-5.438,22.188,22.188,0.238,-0.694,-0.908,99986.70,37.58,-96.627,-97.693,-19.5731,-0.0400,0.2500,9.8200,0.0000,0.0000,0.1250,-5.0625,-17.5000,-89.3750,-0.0400,0.0100,0.0400,-0.0200,0.2100,9.8000,1,1
6863,1902,67787483,3.875,-5.438,22.188,22.188,0.047,0.462,-2.573,99972.98,37.58,-96.734,-97.715,-19.5417,-0.0500,0.2400,9.7900,0.0625,0.0625,0.1250,-5.0625,-18.5625,-88.5625,-0.0200,0.0300,0.0000,-0.0200,0.2100,9.8000,1,1
6877,1905,67889393,3.875,-5.500,22.188,22.188,-0.210,-1.365,-0.595,99994.64,37.57,-96.787,-97.726,-19.5836,-0.0300,0.2600,9.8300,0.1250,0.1250,-0.0625,-5.0625,-18.5625,-88.5625,-0.0100,0.0500,0.0200,-0.0200,0.2100,9.8000,1,1
6892,1909,68003348,3.938,-5.500,22.188,22.188,-0.333,0.207,-3.319,99976.02,37.58,-96.924,-97.754,-19.5953,0.0000,0.2500,9.8400,0.6875,-0.8750,0.0000,-5.3750,-18.5625,-89.7500,0.0100,0.0300,0.0300,-0.0100,0.2100,9.8000,1,1
6906,1913,68120471,3.938,-5.500,22.188,22.188,0.390,1.662,5.246,99958.77,37.57,-96.830,-97.735,-19.5944,-0.0100,0.2500,9.8400,-0.2500,0.2500,0.0000,-5.7500,-17.8750,-88.1875,-0.0100,0.0400,0.0200,-0.0100,0.2100,9.8000,1,1
6920,1917,68240137,3.875,-5.438,22.188,22.188,0.657,0.673,3.178,99970.48,37.57,-96.711,-97.711,-19.5327,-0.0400,0.2400,9.7800,-0.0625,0.1875,-0.0625,-5.3750,-19.0000,-89.3750,0.0000,0.0100,0.0400,-0.0200,0.2100,9.8000,1,1
6935,1921,68362291,3.875,-5.438,22.188,22.188,0.337,-0.870,-1.193,99988.78,37.57,-96.709,-97.711,-19.5725,-0.0400,0.2400,9.8200,-0.0625,0.0000,-0.0625,-5.0625,-17.5000,-89.3750,-0.0200,0.0200,0.0200,-0.0200,0.2100,9.8000,1,1
6949,1925,68480314,3.875,-5.438,22.188,22.188,0.183,-0.904,-1.178,99989.18,37.58,-96.736,-97.717,-19.5843,-0.0200,0.2400,9.8300,0.1875,0.1875,-0.1250,-5.3750,-17.8750,-89.7500,0.0000,0.0000,0.0000,-0.0200,0.2100,9.8000,1,1
6963,1929,68600498,3.875,-5.438,22.188,22.188,0.292,1.169,-0.103,99964.62,37.57,-96.780,-97.725,-19.5923,-0.0400,0.2400,9.8400,0.0625,-0.1250,0.0000,-4.6875,-19.0000,-90.1875,-0.0100,0.0400,0.0300,-0.0200,0.2100,9.8000,1,1
6978,1933,68720667,3.875,-5.438,22.188,22.188,0.183,0.413,-1.296,99973.57,37.57,-96.796,-97.729,-19.6013,-0.0500,0.2400,9.8500,0.0000,0.0625,0.0000,-5.0625,-18.2500,-89.7500,-0.0300,0.0300,0.0400,-0.0200,0.2100,9.8000,1,1
6989,1936,68820849,3.875,-5.438,22.188,22.188,0.366,0.384,2.200,99973.91,37.56,-96.745,-97.718,-19.5923,-0.0400,0.2400,9.8400,-0.0625,0.1250,0.1250,-5.7500,-19.0000,-89.0000,-0.0300,0.0200,0.0000,-0.0200,0.2100,9.8000,1,1
7003,1940,68940496,3.875,-5.438,22.188,22.188,0.353,-0.692,2.344,99986.66,37.57,-96.684,-97.705,-19.5923,-0.0400,0.2400,9.8400,-0.0625,-0.0625,-0.1250,-5.7500,-18.2500,-89.0000,-0.0200,0.0200,0.0300,-0.0200,0.2100,9.8000,1,1
7018,1944,69062291,3.875,-5.438,22.188,22.188,0.195,-0.620,-0.936,99985.80,37.57,-96.718,-97.713,-19.5750,-0.0200,0.2500,9.8200,0.0000,0.1250,0.0000,-5.0625,-19.0000,-88.1875,0.0000,0.0300,0.0200,-0.0200,0.2100,9.8000,1,1
7