=~=~=~=~=~=~=~=~=~=~=~= PuTTY log 2026.08.22 01:02:26 =~=~=~=~=~=~=~=~=~=~=~=
191,63,11373703,1.000,1.125,179.625,179.625,0.351,1.286,0.892,99668.21,32.93,-18.887,-33.454,-19.0983,1,1
203,67,11493358,1.000,1.125,179.625,179.625,0.093,-0.004,-0.724,99683.45,32.93,-20.610,-35.261,-19.1083,1,1
215,71,11614361,1.000,1.125,179.625,179.625,0.036,0.570,-2.098,99676.67,32.96,-22.394,-37.052,-19.0877,1,1
227,75,11734722,1.000,1.125,179.625,179.625,-0.056,1.738,-3.264,99662.88,32.94,-24.216,-38.799,-19.0876,1,1
5049,1679,60028759,1.000,1.125,179.625,179.625,0.976,2.146,-2.869,99658.05,33.30,-93.580,-95.381,-19.1477,1,1
5060,1683,60139889,1.000,1.125,179.625,179.625,0.845,0.875,0.047,99673.06,33.30,-93.591,-95.383,-19.1275,1,1
5072,1687,60260912,1.000,1.125,179.625,179.625,1.044,1.339,2.384,99667.59,33.30,-93.572,-95.380,-19.0978,1,1
5084,1691,60380180,1.000,1.125,179.625,179.625,1.274,2.184,1.983,99657.61,33.32,-93.532,-95.373,-19.1079,1,1
5096,1695,60501356,1.000,1.125,179.625,179.625,1.179,1.683,-1.087,99663.52,33.30,-93.525,-95.374,-19.1394,1,1
5108,1699,60621732,1.000,1.125,179.625,179.625,1.012,0.101,0.154,99682.22,33.30,-93.503,-95.362,-19.1081,1,1
5118,1702,60721715,1.000,1.125,179.625,179.625,1.237,1.158,0.100,99669.72,33.27,-93.470,-95.353,-18.9749,1,1
5130,1706,60840735,1.000,1.125,179.625,179.625,1.030,-0.204,-1.320,99685.82,33.30,-93.472,-95.354,-19.1478,1,1
5142,1710,60961878,1.000,1.125,179.625,179.625,0.771,-0.284,-1.904,99686.77,33.30,-93.541,-95.369,-19.1177,1,1
5154,1714,61080960,1.000,1.125,179.625,179.625,0.894,0.656,0.224,99675.66,33.29,-93.569,-95.376,-19.1481,1,1
5166,1718,61202373,1.000,1.125,179.625,179.625,1.010,2.234,-0.970,99657.01,33.30,-93.611,-95.384,-19.1177,1,1
5178,1722,61322729,1.000,1.125,179.625,179.625,0.877,0.411,-0.072,99678.55,33.30,-93.597,-95.381,-19.1381,1,1
5188,1725,61422722,1.000,1.125,179.625,179.625,0.759,0.624,-1.313,99676.03,33.30,-93.649,-95.392,-19.1378,1,1
5199,1729,61530769,1.000,1.125,179.625,179.625,1.113,0.452,3.713,99678.07,33.31,-93.561,-95.376,-19.1281,1,1
5211,1733,61652893,1.000,1.125,179.625,179.625,1.044,0.580,-0.233,99676.55,33.32,-93.571,-95.377,-19.1276,1,1
5221,1736,61753082,1.000,1.125,179.625,179.625,1.033,1.544,-0.145,99665.16,33.31,-93.591,-95.382,-19.1079,1,1
5232,1740,61863360,1.000,1.125,179.625,179.625,0.688,0.147,-2.072,99681.66,33.32,-93.652,-95.394,-19.1278,1,1
5244,1744,61981954,1.000,1.125,179.625,179.625,0.786,1.271,-0.017,99668.39,33.31,-93.691,-95.403,-19.1368,1,1
5256,1748,62103512,1.000,1.125,179.625,179.625,1.041,1.385,1.368,99667.05,33.31,-93.649,-95.395,-19.0880,1,1
5268,1752,62223890,1.000,1.125,179.625,179.625,1.525,2.497,3.748,99653.91,33.31,-93.543,-95.374,-19.1082,1,1
5280,1756,62343814,1.000,1.125,179.625,179.625,1.256,0.148,0.248,99681.66,33.31,-93.483,-95.363,-19.1085,1,1
5292,1760,62464177,1.000,1.125,179.625,179.625,1.224,1.607,-1.990,99664.42,33.31,-93.522,-95.372,-19.1176,1,1
5304,1764,62582972,1.000,1.125,179.625,179.625,1.388,1.559,2.292,99664.99,33.31,-93.454,-95.361,-19.1579,1,1
5314,1767,62682775,1.000,1.125,179.625,179.625,1.023,0.200,-1.409,99681.05,33.32,-93.489,-95.371,-19.2177,1,1
5325,1771,62794250,1.000,1.125,179.625,179.625,1.075,1.382,-0.131,99667.07,33.32,-93.507,-95.374,-19.0271,1,1
5337,1775,62914749,1.000,1.125,179.625,179.625,1.136,0.606,1.668,99676.25,33.33,-93.469,-95.366,-18.9351,1,1
5349,1779,63033776,1.000,1.125,179.625,179.625,0.965,2.570,-4.149,99653.04,33.33,-93.589,-95.394,-19.1077,1,1
5361,1783,63155083,1.000,1.125,179.625,179.625,0.915,1.650,0.417,99663.91,33.32,-93.587,-95.394,-19.1283,1,1
5373,1787,63275533,1.000,1.125,179.625,179.625,1.031,0.372,2.300,99679.02,33.32,-93.517,-95.380,-19.1379,1,1
5385,1791,63395160,1.000,1.125,179.625,179.625,1.110,2.308,-0.402,99656.14,33.32,-93.562,-95.390,-19.1074,1,1
5397,1795,63515710,1.000,1.125,179.625,179.625,1.329,1.429,2.261,99666.53,33.32,-93.472,-95.373,-19.1073,1,1
5409,1799,63634776,1.000,1.125,179.625,179.625,0.895,0.434,-2.552,99678.28,33.33,-93.528,-95.385,-19.1077,1,1
5419,1802,63734777,1.000,1.125,179.625,179.625,1.193,2.480,-1.555,99654.10,33.32,-93.524,-95.385,-19.1381,1,1
5430,1806,63846060,1.000,1.125,179.625,179.625,0.985,1.036,-0.152,99671.16,33.32,-93.536,-95.390,-19.1173,1,1
5442,1810,63966402,1.000,1.125,179.625,179.625,1.206,1.487,1.885,99665.84,33.33,-93.497,-95.383,-19.1381,1,1
5454,1814,64084966,1.000,1.125,179.625,179.625,1.365,0.880,2.868,99673.01,33.31,-93.417,-95.368,-19.1281,1,1
5466,1818,64206697,1.000,1.125,179.625,179.625,1.319,1.358,-2.286,99667.37,33.32,-93.431,-95.373,-19.1179,1,1
5478,1822,64327107,1.000,1.125,179.625,179.625,1.262,1.987,-0.129,99659.93,33.34,-93.454,-95.377,-19.1377,1,1
5490,1826,64446824,1.000,1.125,179.625,179.625,0.802,1.408,-3.386,99666.77,33.32,-93.552,-95.398,-19.1372,1,1
5502,1830,64567357,1.000,1.125,179.625,179.625,0.824,2.145,-1.006,99658.07,33.33,-93.614,-95.411,-19.1079,1,1
5514,1834,64685785,1.000,1.125,179.625,179.625,1.016,1.506,1.651,99665.61,33.34,-93.576,-95.404,-19.1277,1,1
5524,1837,64785776,1.000,1.125,179.625,179.625,1.138,0.723,3.297,99674.87,33.32,-93.522,-95.394,-19.1373,1,1
5535,1841,64897445,1.000,1.125,179.625,179.625,0.959,2.342,-3.611,99655.74,33.33,-93.623,-95.414,-19.1072,1,1
5547,1845,65017897,1.000,1.125,179.625,179.625,1.177,1.381,2.182,99667.09,33.33,-93.546,-95.400,-19.1681,1,1
5559,1849,65136796,1.000,1.125,179.625,179.625,0.950,0.247,-1.284,99680.48,33.34,-93.566,-95.404,-19.1877,1,1
5571,1853,65258262,1.000,1.125,179.625,179.625,1.171,1.144,1.216,99669.88,33.34,-93.543,-95.404,-19.1277,1,1
5583,1857,65378707,1.000,1.125,179.625,179.625,1.209,1.724,0.567,99663.04,33.33,-93.542,-95.405,-19.1176,1,1
5595,1861,65498412,1.000,1.125,179.625,179.625,1.125,0.618,0.636,99676.11,33.33,-93.511,-95.398,-19.1175,1,1
5607,1865,65618894,1.000,1.125,179.625,179.625,1.294,1.450,0.438,99666.27,33.33,-93.494,-95.395,-19.1373,1,1
5619,1869,65737789,1.000,1.125,179.625,179.625,1.190,3.330,-2.251,99644.07,33.32,-93.575,-95.411,-19.1175,1,1
5631,1873,65859304,1.000,1.125,179.625,179.625,1.592,2.828,3.707,99649.99,33.34,-93.441,-95.384,-19.1175,1,1
5641,1876,65959514,1.000,1.125,179.625,179.625,1.509,0.616,2.390,99676.13,33.33,-93.364,-95.370,-19.1181,1,1
5652,1880,66069729,1.000,1.125,179.625,179.625,1.379,2.238,-3.535,99656.96,33.34,-93.421,-95.381,-19.1374,1,1
5664,1884,66188977,1.000,1.125,179.625,179.625,0.987,0.597,-1.842,99676.36,33.35,-93.452,-95.388,-19.1177,1,1
5676,1888,66310039,1.000,1.125,179.625,179.625,1.420,1.965,2.222,99660.19,33.34,-93.395,-95.377,-19.1475,1,1
5688,1892,66430560,1.000,1.125,179.625,179.625,0.970,0.428,-2.959,99678.35,33.35,-93.453,-95.390,-19.1275,1,1
5700,1896,66550095,1.000,1.125,179.625,179.625,1.220,2.057,0.601,99659.10,33.35,-93.461,-95.392,-19.1283,1,1
5712,1900,66670730,1.000,1.125,179.625,179.625,1.469,3.379,0.877,99643.49,33.34,-93.444,-95.388,-19.1271,1,1
5722,1903,66770821,1.000,1.125,179.625,179.625,1.330,0.964,1.726,99672.02,33.33,-93.382,-95.377,-19.1174,1,1
5734,1907,66890137,1.000,1.125,179.625,179.625,1.057,0.101,-1.654,99682.22,33.34,-93.416,-95.384,-19.1172,1,1
5746,1911,67011119,1.000,1.125,179.625,179.625,1.122,2.076,-1.400,99658.88,33.34,-93.477,-95.397,-19.1081,1,1
5758,1915,67131738,1.000,1.125,179.625,179.625,0.680,0.043,-2.551,99682.90,33.35,-93.538,-95.410,-19.1475,1,1
5770,1919,67251087,1.000,1.125,179.625,179.625,1.284,1.820,4.196,99661.90,33.34,-93.472,-95.399,-19.2802,1,1
5782,1923,67371730,1.000,1.125,179.625,179.625,0.960,-0.102,-0.709,99684.62,33.34,-93.476,-95.399,-19.1588,1,1
5794,1927,67491130,1.000,1.125,179.625,179.625,1.056,2.220,-2.361,99657.18,33.35,-93.559,-95.417,-19.1079,1,1
5806,1931,67612381,1.000,1.125,179.625,179.625,0.990,0.850,1.716,99673.36,33.34,-93.531,-95.412,-19.1079,1,1
5818,1935,67732738,1.000,1.125,179.625,179.625,0.789,2.599,-3.917,99652.70,33.34,-93.666,-95.439,-19.1077,1,1
5828,1938,67832890,1.000,1.125,179.625,179.625,0.846,1.629,0.985,99664.16,33.35,-93.634,-95.433,-19.1283,1,1
5840,1942,67951912,1.000,1.125,179.625,179.625,0.965,2.286,0.399,99656.39,33.34,-93.651,-95.436,-19.1181,1,1
5852,1946,68072877,1.000,1.125,179.625,179.625,0.840,-0.506,0.787,99689.39,33.35,-93.603,-95.426,-19.0975,1,1
5864,1950,68191785,1.000,1.125,179.625,179.625,1.086,1.623,1.067,99664.23,33.35,-93.623,-95.429,-19.1275,1,1
5874,1953,68291968,1.000,1.125,179.625,179.625,0.882,-0.369,0.737,99687.77,33.34,-93.617,-95.427,-19.1170,1,1
5885,1957,68403205,1.000,1.125,179.625,179.625,0.949,0.586,0.254,99676.48,33.36,-93.625,-95.429,-19.1277,1,1
5897,1961,68523708,1.000,1.125,179.625,179.625,1.085,0.186,2.727,99681.20,33.34,-93.577,-95.419,-19.1373,1,1
5909,1965,68642762,1.000,1.125,179.625,179.625,0.578,0.060,-5.144,99682.70,33.35,-93.713,-95.445,-19.1272,1,1
5919,1968,68742799,1.000,1.125,179.625,179.625,1.167,1.134,3.540,99670.01,33.35,-93.618,-95.425,-19.1473,1,1
5930,1972,68854105,1.000,1.125,179.625,179.625,0.909,0.555,-0.552,99676.85,33.35,-93.647,-95.432,-19.1185,1,1
5942,1976,68974557,1.000,1.125,179.625,179.625,0.946,1.306,-1.683,99667.98,33.35,-93.678,-95.436,-19.0876,1,1
5954,1980,69092770,1.000,1.125,179.625,179.625,0.971,0.131,0.973,99681.86,33.34,-93.645,-95.430,-19.1472,1,1
5966,1984,69214928,1.000,1.125,179.625,179.625,0.520,-1.403,-1.612,99699.98,33.35,-93.709,-95.442,-19.1083,1,1
5978,1988,69335350,1.000,1.125,179.625,179.625,0.246,0.032,-3.576,99683.03,33.35,-93.876,-95.475,-19.1683,1,1
5990,1992,69455062,1.000,1.125,179.625,179.625,0.730,1.903,1.867,99660.92,33.35,-93.878,-95.473,-19.2892,1,1
6002,1996,69575519,1.000,1.125,179.625,179.625,0.841,2.068,-0.060,99658.98,33.35,-93.880,-95.472,-18.9548,1,1
6014,2000,69693762,1.000,1.125,179.625,179.625,0.802,0.664,0.752,99675.56,33.36,-93.848,-95.463,-19.2898,1,1
6024,2003,69793789,1.000,1.125,179.625,179.625,1.193,1.989,2.517,99659.91,33.36,-93.781,-95.452,-19.1890,1,1
6035,2007,69905892,1.000,1.125,179.625,179.625,0.926,0.941,-0.801,99672.28,33.35,-93.793,-95.453,-19.1187,1,1
6047,2011,70026355,1.000,1.125,179.625,179.625,1.022,0.847,1.257,99673.41,33.35,-93.751,-95.444,-19.1488,1,1
6059,2015,70144762,1.000,1.125,179.625,179.625,1.481,1.700,3.602,99663.32,33.35,-93.641,-95.421,-19.1571,1,1
6071,2019,70266428,1.000,1.125,179.625,179.625,1.350,0.142,0.713,99681.73,33.37,-93.568,-95.406,-19.0972,1,1
6083,2023,70386906,1.000,1.125,179.625,179.625,1.224,1.042,-1.573,99671.09,33.36,-93.595,-95.411,-19.1068,1,1
6094,2026,70487185,0.938,1.125,179.625,179.625,1.259,2.632,-1.601,99652.30,33.34,-93.617,-95.419,-19.1403,1,1
6105,2030,70595777,0.938,1.062,179.683,179.438,1.234,1.612,-0.628,99664.36,33.35,-93.598,-95.411,-18.9983,1,1
6116,2033,70695765,0.125,0.938,177.237,175.000,1.535,2.843,2.714,99649.82,33.34,-93.536,-95.398,-19.1338,1,1
6130,2037,70819526,0.000,0.938,175.997,175.750,1.628,2.260,1.501,99656.70,33.34,-93.455,-95.402,-19.6370,1,1
6140,2040,70917759,0.500,0.812,175.836,175.750,1.630,1.018,0.790,99671.38,33.34,-93.370,-95.385,-19.0061,1,1
6152,2044,71037908,0.438,0.812,175.774,175.750,1.380,-0.523,-1.027,99689.59,33.35,-93.335,-95.373,-18.7836,1,1
6164,2048,71157820,0.062,0.812,175.757,175.750,1.253,0.581,-2.024,99676.55,33.37,-93.384,-95.385,-19.0831,1,1
6176,2052,71278376,0.000,0.812,175.752,175.750,1.526,1.870,0.973,99661.31,33.36,-93.348,-95.380,-19.1656,1,1
6188,2056,71396760,-0.125,0.812,175.751,175.750,1.520,1.818,-0.846,99661.93,33.35,-93.329,-95.379,-19.1259,1,1
6198,2059,71496761,-0.250,0.812,175.750,175.750,1.440,1.822,0.921,99661.88,33.36,-93.326,-95.382,-19.1488,1,1
6209,2063,71606991,-0.250,0.812,175.750,175.750,1.621,2.423,1.456,99654.78,33.36,-93.280,-95.378,-19.1582,1,1
6221,2067,71728885,-0.188,0.812,175.750,175.750,1.311,0.479,0.001,99677.74,33.36,-93.264,-95.377,-19.0876,1,1
6233,2071,71847779,0.000,0.812,175.750,175.750,1.128,0.357,-1.498,99679.20,33.34,-93.310,-95.389,-19.2748,1,1
6246,2075,71971520,0.312,0.688,175.585,174.875,1.124,-0.180,1.083,99685.54,33.36,-93.306,-95.390,-19.3592,1,1
6258,2079,72089713,1.938,0.500,172.857,170.375,1.146,1.794,-0.979,99662.21,33.35,-93.377,-95.422,-19.4967,1,1
6270,2082,72189979,8.312,0.500,171.170,170.500,1.155,1.552,0.817,99665.07,33.35,-93.392,-95.405,-18.7819,1,1
6281,2085,72289902,14.000,0.625,170.647,170.312,1.031,0.692,-0.886,99675.23,33.33,-93.415,-95.349,-18.2143,1,1
6292,2088,72390070,17.500,0.688,170.368,170.188,1.448,2.419,1.383,99654.82,33.32,-93.368,-95.248,-18.0960,1,1
6304,2091,72490350,20.250,0.688,170.238,170.188,1.293,0.663,1.434,99675.57,33.32,-93.332,-95.111,-17.4433,1,1
6317,2095,72608812,22.062,0.812,170.179,170.125,1.029,0.771,-1.970,99674.30,33.33,-93.361,-94.937,-17.5402,1,1
6329,2099,72730248,23.188,0.812,170.199,170.312,1.112,0.784,0.396,99674.15,33.32,-93.298,-94.729,-17.3494,1,1
6339,2102,72830441,24.500,0.875,170.309,170.375,0.942,1.060,-0.940,99670.88,33.34,-93.303,-94.565,-17.0964,1,1
6351,2106,72948779,26.250,0.938,170.389,170.375,0.957,0.318,0.295,99679.66,33.35,-93.207,-94.329,-16.8688,1,1
6363,2110,73070548,27.688,1.000,170.436,170.625,1.259,0.670,3.460,99675.48,33.35,-93.037,-94.040,-16.6332,1,1
6375,2114,73191563,26.000,0.938,170.704,170.875,1.010,0.675,-2.870,99675.44,33.34,-92.973,-93.767,-16.8896,1,1
6388,2118,73315522,19.812,0.750,170.906,171.000,0.908,-0.318,0.094,99687.16,33.37,-92.836,-93.565,-17.6659,1,1
6400,2121,73415519,12.312,0.625,170.903,170.625,1.091,1.234,-0.739,99668.83,33.35,-92.733,-93.480,-18.5161,1,1
6411,2124,73515525,1.688,0.438,169.256,167.250,1.287,2.517,1.709,99653.66,33.33,-92.619,-93.479,-21.1146,1,1
6423,2127,73616522,-0.062,0.125,167.663,167.062,1.354,1.440,2.112,99666.39,33.34,-92.465,-93.502,-19.1889,1,1
6435,2131,73731897,-0.625,0.125,167.232,167.062,1.658,1.299,3.213,99668.06,33.35,-92.258,-93.507,-19.1559,1,1
6445,2134,73832078,-0.750,0.125,167.122,167.062,1.477,0.537,-0.648,99677.06,33.32,-92.170,-93.530,-19.1480,1,1
6457,2138,73950770,-0.750,0.188,167.079,167.062,1.766,0.897,3.329,99672.81,33.34,-91.988,-93.535,-18.9599,1,1
6467,2141,74050759,-0.750,0.188,167.068,167.062,1.484,1.986,-3.870,99659.94,33.36,-92.006,-93.583,-19.1684,1,1
6478,2145,74160604,-1.000,0.188,167.081,167.125,1.032,-0.148,-2.454,99685.16,33.34,-91.996,-93.620,-19.0137,1,1
6490,2149,74282904,-1.188,0.188,167.113,167.125,1.087,0.871,-0.549,99673.12,33.37,-91.993,-93.664,-19.1630,1,1
6502,2153,74401774,-1.750,0.188,167.122,167.125,1.522,2.241,2.754,99656.92,33.37,-91.905,-93.690,-19.0980,1,1
6513,2156,74501785,-2.688,0.188,167.136,167.188,1.735,2.707,2.217,99651.42,33.35,-91.819,-93.711,-19.1869,1,1
6526,2160,74622338,-4.125,0.250,167.174,167.188,1.316,0.918,-1.771,99672.56,33.35,-91.819,-93.756,-19.4060,1,1
6537,2163,74725527,-7.312,0.312,167.220,167.250,1.327,1.482,-2.573,99665.89,33.37,-91.826,-93.789,-19.1279,1,1
6548,2166,74825523,-12.625,0.438,167.082,166.812,1.188,1.494,-0.778,99665.75,33.34,-91.874,-93.819,-18.7227,1,1
6559,2169,74925594,-18.562,0.625,166.820,166.750,1.512,1.048,2.461,99671.03,33.33,-91.766,-93.773,-18.3428,1,1
6572,2173,75044205,-23.938,0.812,166.800,166.812,1.253,0.095,-1.012,99682.28,33.33,-91.749,-93.683,-17.7255,1,1
6583,2176,75144356,-25.500,0.938,166.844,166.875,1.324,1.597,-2.658,99664.54,33.32,-91.781,-93.582,-17.7363,1,1
6595,2180,75260527,-25.562,0.938,166.866,166.875,1.439,1.318,1.871,99667.84,33.33,-91.701,-93.434,-17.5174,1,1
6606,2183,75362606,-24.250,0.812,166.796,166.688,1.236,0.135,-0.723,99681.81,33.36,-91.680,-93.332,-17.8846,1,1
6617,2187,75473275,-22.438,0.750,166.692,166.625,1.141,1.689,-3.441,99663.45,33.37,-91.714,-93.245,-18.0532,1,1
6629,2191,75594909,-19.125,0.562,166.572,166.438,1.626,3.199,3.055,99645.61,33.37,-91.582,-93.143,-18.1628,1,1
6640,2194,75695082,-12.312,0.312,166.389,166.188,1.370,-0.385,2.290,99687.96,33.34,-91.461,-93.086,-18.4518,1,1
6651,2197,75795103,-3.625,0.125,166.260,166.250,1.422,0.700,-1.754,99675.14,33.37,-91.443,-93.123,-19.3052,1,1
6664,2201,75913584,-2.062,0.125,166.212,166.188,1.043,-0.082,-2.120,99684.38,33.36,-91.457,-93.185,-19.1700,1,1
6676,2205,76035403,-1.312,0.125,166.169,166.125,1.163,1.418,-0.455,99666.65,33.36,-91.466,-93.244,-19.1126,1,1
6688,2209,76153752,-1.125,0.125,166.137,166.125,0.945,-0.213,0.087,99685.93,33.38,-91.450,-93.291,-19.1423,1,1
6700,2213,76275610,-1.125,0.125,166.128,166.125,0.961,-0.052,1.009,99684.03,33.37,-91.454,-93.345,-19.2799,1,1
6712,2217,76396084,-1.125,0.125,166.126,166.125,1.366,2.331,2.608,99655.87,33.39,-91.432,-93.393,-19.2890,1,1
6724,2221,76515380,-0.688,0.188,166.125,166.125,1.457,0.385,2.761,99678.86,33.38,-91.327,-93.421,-19.1672,1,1
6734,2224,76615145,-0.375,0.188,166.125,166.125,1.085,0.029,-2.440,99683.06,33.37,-91.409,-93.479,-19.1334,1,1
6746,2228,76728526,1.000,0.438,165.944,165.438,0.937,0.649,-1.748,99675.74,33.37,-91.487,-93.544,-19.2243,1,1
6757,2231,76828522,4.438,0.312,164.645,163.562,1.108,1.791,0.011,99662.24,33.38,-91.519,-93.591,-19.0881,1,1
6769,2234,76928574,10.312,0.375,163.728,163.312,0.921,0.755,-0.625,99674.48,33.37,-91.581,-93.618,-18.6790,1,1
6782,2238,77047177,18.125,0.438,163.246,162.938,0.901,2.149,-1.303,99658.02,33.37,-91.679,-93.586,-17.9205,1,1
6794,2241,77147355,24.625,0.625,162.768,162.250,0.760,-0.019,0.980,99683.63,33.35,-91.668,-93.456,-16.8871,1,1
6805,2244,77247457,27.562,0.688,161.913,161.188,0.826,0.800,-1.321,99673.95,33.36,-91.694,-93.258,-16.6792,1,1
6817,2248,77365834,27.875,0.688,161.188,160.875,0.949,0.689,2.735,99675.27,33.36,-91.625,-93.011,-16.6149,1,1
6827,2251,77465786,26.875,0.625,161.020,160.938,0.834,1.434,-2.810,99666.47,33.36,-91.635,-92.828,-16.8998,1,1
6838,2255,77577433,24.000,0.562,161.036,161.125,1.303,2.825,2.860,99650.04,33.38,-91.507,-92.627,-17.5907,1,1
6849,2258,77677708,20.938,0.500,161.101,161.062,1.165,2.403,0.580,99655.01,33.34,-91.471,-92.494,-16.8887,1,1
6861,2261,77780526,5.812,0.250,159.931,158.312,1.223,0.832,1.429,99673.59,33.37,-91.327,-92.396,-18.6251,1,1
6874,2265,77898342,-0.500,-0.312,158.284,157.875,0.960,-0.406,-0.773,99688.21,33.37,-91.258,-92.512,-19.1485,1,1
6885,2268,77998566,-0.625,-0.375,158.003,157.875,0.868,-0.050,-1.661,99684.00,33.36,-91.244,-92.567,-19.0796,1,1
6897,2272,78117534,-0.875,-0.375,157.937,157.938,0.874,2.081,-1.981,99658.82,33.35,-91.284,-92.643,-19.1605,1,1
6909,2276,78238719,-0.938,-0.375,157.937,157.938,1.756,3.033,6.985,99647.58,33.38,-91.049,-92.664,-19.1614,1,1
6921,2280,78357758,-1.000,-0.375,157.937,157.938,1.812,1.631,2.135,99664.13,33.39,-90.897,-92.701,-19.1414,1,1
6933,2284,78478891,-1.000,-0.375,157.937,157.938,1.432,-0.160,-2.255,99685.30,33.38,-90.858,-92.758,-19.1517,1,1
6945,2288,78599385,-1.000,-0.375,157.937,157.938,1.404,0.231,0.257,99680.68,33.40,-90.833,-92.816,-19.2097,1,1
6957,2292,78718348,-1.000,-0.312,157.937,157.938,1.387,-0.085,0.574,99684.41,33.38,-90.800,-92.876,-19.1227,1,1
6967,2295,78818555,-1.000,-0.312,157.937,157.938,1.317,0.801,-2.568,99673.94,33.38,-90.849,-92.938,-19.1028,1,1
6978,2299,78929413,-1.000,-0.312,157.937,157.938,1.063,-0.566,-0.951,99690.09,33.40,-90.870,-92.998,-19.1425,1,1
6990,2303,79050074,-0.875,-0.312,157.937,157.938,1.000,2.301,-2.484,99656.23,33.40,-91.017,-93.085,-19.1405,1,1
7002,2306,79150342,-0.562,-0.250,157.916,157.875,1.056,1.931,0.294,99660.59,33.39,-91.030,-93.136,-19.1298,1,1
7013,2309,79250367,-0.188,-0.125,157.888,157.875,1.056,0.540,1.781,99677.02,33.37,-91.030,-93.186,-19.5074,1,1
7027,2313,79369521,0.312,0.000,157.878,157.875,0.957,0.751,-1.408,99674.54,33.37,-91.113,-93.257,-19.2030,1,1
7039,2317,79490544,0.375,0.000,157.876,157.875,1.137,2.738,0.272,99651.06,33.38,-91.185,-93.324,-19.1017,1,1
7051,2321,79608771,0.375,0.000,157.875,157.875,0.999,0.216,1.226,99680.86,33.39,-91.174,-93.372,-19.1417,1,1
7063,2325,79729525,0.375,0.000,157.875,157.875,1.180,1.084,0.886,99670.60,33.41,-91.204,-93.427,-19.1317,1,1
7073,2328,79830645,0.375,0.000,157.875,157.875,1.139,0.958,-1.050,99672.09,33.38,-91.233,-93.473,-19.1416,1,1
7085,2332,79951354,0.375,0.000,157.875,157.875,0.944,0.041,-1.831,99682.93,33.40,-91.300,-93.532,-19.1517,1,1
7097,2336,80070561,0.438,0.062,157.875,157.875,1.034,0.779,0.381,99674.21,33.39,-91.358,-93.589,-19.1213,1,1
7109,2340,80191285,0.438,0.062,157.875,157.875,1.109,2.598,-0.878,99652.71,33.40,-91.453,-93.652,-19.1114,1,1
7121,2344,80309773,0.438,0.062,157.875,157.875,1.061,0.179,2.258,99681.30,33.40,-91.426,-93.689,-19.1411,1,1
7133,2348,80431690,0.438,0.062,157.875,157.875,0.883,0.459,-1.560,99677.98,33.41,-91.532,-93.752,-19.1312,1,1
7145,2352,80552071,0.438,0.062,157.875,157.875,1.042,2.816,-0.501,99650.13,33.41,-91.641,-93.814,-19.1112,1,1
7157,2356,80671846,0.438,0.062,157.875,157.875,0.485,-0.359,-1.923,99687.65,33.40,-91.739,-93.872,-18.9905,1,1
7169,2360,80792359,0.438,0.062,157.875,157.875,0.664,0.894,1.007,99672.85,33.43,-91.833,-93.931,-19.2721,1,1
7181,2364,80910808,0.438,0.062,157.875,157.875,1.184,2.464,3.283,99654.29,33.41,-91.825,-93.964,-19.0209,1,1
7193,2368,81032520,0.438,0.062,157.875,157.875,1.257,1.867,2.232,99661.34,33.41,-91.807,-93.998,-19.0816,1,1
7204,2371,81132728,0.500,0.062,157.875,157.875,1.241,1.397,-0.548,99666.91,33.39,-91.826,-94.027,-19.0800,1,1
7216,2375,81252895,0.375,0.375,158.006,158.375,1.332,1.844,-0.052,99661.62,33.39,-91.852,-94.069,-19.3762,1,1
7227,2378,81353190,0.375,0.812,158.503,158.750,1.271,0.574,1.271,99676.62,33.41,-91.854,-94.099,-19.4087,1,1
7241,2382,81469526,0.250,5.250,158.647,158.812,1.334,1.185,0.605,99669.41,33.39,-91.889,-94.179,-19.2287,1,1
7253,2385,81569520,-0.312,10.250,158.748,158.562,1.274,0.158,-0.230,99681.54,33.40,-91.897,-94.177,-19.0581,1,1
7265,2388,81671825,-1.062,12.625,158.157,157.562,1.335,1.282,-0.332,99668.26,33.38,-91.951,-94.178,-18.9741,1,1
7276,2392,81783194,-1.438,13.875,157.672,157.500,1.215,0.732,-0.671,99674.75,33.40,-91.979,-94.197,-18.8168,1,1
7287,2395,81883548,-1.625,14.625,157.542,157.500,1.122,1.420,-1.476,99666.62,33.40,-92.056,-94.202,-18.8571,1,1
7298,2398,81983389,-1.625,14.562,157.626,157.750,1.304,0.789,2.561,99674.09,33.39,-92.009,-94.187,-18.8923,1,1
7310,2402,82104071,-1.562,15.250,157.887,158.125,1.417,2.050,0.211,99659.19,33.41,-92.023,-94.200,-18.9847,1,1
7322,2406,82223003,-1.562,15.500,158.001,158.125,1.460,2.353,-0.293,99655.61,33.41,-92.028,-94.178,-18.6487,1,1
7335,2410,82344549,-1.688,13.000,158.186,158.125,1.476,0.737,1.800,99674.70,33.41,-91.961,-94.143,-18.8857,1,1
7346,2413,82444686,-0.812,8.812,158.197,158.375,1.656,2.245,-0.193,99656.88,33.42,-91.954,-94.144,-19.0562,1,1
7359,2417,82562791,0.062,3.625,158.658,158.938,1.702,2.443,0.552,99654.54,33.40,-91.931,-94.173,-18.7859,1,1
7371,2420,82662781,0.188,0.500,158.983,159.375,1.338,-0.191,-1.276,99685.66,33.39,-91.941,-94.249,-19.4274,1,1
7383,2424,82784615,0.250,0.250,159.309,159.438,1.248,2.020,-2.925,99659.54,33.41,-92.064,-94.300,-19.1256,1,1
7393,2427,82884634,0.250,0.250,159.393,159.438,1.195,0.487,0.993,99677.65,33.40,-92.047,-94.320,-18.9854,1,1
7405,2431,83005068,0.250,0.250,159.425,159.438,1.297,0.606,0.949,99676.24,33.41,-92.050,-94.347,-19.0253,1,1
7417,2435,83124145,0.312,0.250,159.434,159.438,1.193,2.239,-3.852,99656.96,33.43,-92.175,-94.395,-18.9545,1,1
7429,2439,83245351,0.375,0.250,159.437,159.438,1.059,1.395,-0.880,99666.92,33.42,-92.225,-94.430,-19.1637,1,1
7441,2443,83363785,0.562,0.250,159.437,159.438,1.140,0.350,1.386,99679.27,33.45,-92.221,-94.460,-19.3433,1,1
7453,2447,83484684,0.750,0.312,159.437,159.438,0.949,1.048,-2.618,99671.02,33.43,-92.338,-94.506,-19.1386,1,1
7465,2451,83606082,0.812,0.312,159.560,159.688,0.809,-0.679,1.379,99691.44,33.44,-92.359,-94.533,-19.1487,1,1
7477,2455,83725329,0.812,0.312,159.652,159.688,1.090,1.994,0.850,99659.84,33.44,-92.430,-94.570,-19.1483,1,1
7487,2458,83825656,0.812,0.312,159.675,159.688,1.099,0.563,1.711,99676.76,33.44,-92.417,-94.582,-19.0973,1,1
7498,2462,83936232,0.812,0.312,159.684,159.688,1.326,1.766,1.349,99662.55,33.44,-92.417,-94.597,-19.0854,1,1
7509,2465,84038527,0.688,0.438,159.693,159.750,1.708,2.446,2.858,99654.51,33.44,-92.341,-94.600,-19.1814,1,1
7520,2468,84138521,0.812,0.500,160.305,160.938,1.583,1.481,1.069,99665.91,33.42,-92.350,-94.615,-19.0443,1,1
7534,2472,84257191,0.562,0.875,160.668,161.000,1.457,0.124,0.355,99681.95,33.42,-92.335,-94.628,-19.1056,1,1
7545,2475,84357178,0.625,0.562,161.094,161.000,1.321,0.001,-1.018,99683.40,33.41,-92.363,-94.648,-19.3402,1,1
7557,2478,84457348,0.562,0.375,160.501,160.062,1.058,0.861,-3.558,99673.23,33.41,-92.495,-94.694,-19.0518,1,1
7569,2482,84576531,0.562,0.375,160.142,160.000,0.971,0.881,-0.426,99673.00,33.41,-92.558,-94.724,-19.0920,1,1
7581,2486,84697367,0.438,0.375,160.064,160.000,0.910,1.115,-0.661,99670.23,33.42,-92.634,-94.755,-18.6033,1,1
7593,2489,84797751,0.250,0.438,160.098,160.188,1.243,2.712,-0.032,99651.36,33.41,-92.650,-94.781,-19.1799,1,1
7605,2492,84897872,0.500,0.562,160.468,160.938,1.024,-0.415,3.398,99688.31,33.42,-92.649,-94.788,-19.1791,1,1
7616,2495,84997708,1.000,0.625,161.206,162.188,0.854,0.337,-3.537,99679.43,33.43,-92.758,-94.826,-19.0559,1,1
7629,2499,85116788,0.938,0.875,162.717,163.875,0.936,1.354,0.082,99667.41,33.40,-92.818,-94.850,-19.1682,1,1
7641,2502,85216777,1.000,1.062,164.060,164.625,0.694,0.431,-1.293,99678.32,33.41,-92.904,-94.876,-19.2376,1,1
7653,2505,85316766,0.938,1.375,164.393,164.688,0.647,1.789,-2.344,99662.27,33.41,-93.022,-94.914,-19.3307,1,1
7667,2509,85440584,0.938,2.188,165.134,165.562,1.269,2.051,5.259,99659.17,33.41,-92.917,-94.934,-19.2962,1,1
7679,2512,85540520,0.938,1.938,165.097,164.625,1.450,1.909,2.128,99660.86,33.41,-92.875,-94.922,-19.1643,1,1
7690,2515,85640526,1.000,1.062,164.086,163.250,1.308,0.632,0.660,99675.94,33.40,-92.871,-94.921,-19.1823,1,1
7702,2518,85740526,1.125,0.875,163.198,163.125,1.310,1.817,-1.790,99661.94,33.40,-92.908,-94.944,-18.8876,1,1
7714,2522,85859069,1.000,1.875,164.104,165.062,1.336,1.514,1.403,99665.52,33.40,-92.885,-94.952,-18.6748,1,1
7726,2525,85959358,0.625,2.438,165.034,165.688,1.423,0.617,1.028,99676.12,33.40,-92.849,-94.952,-19.0904,1,1
7738,2529,86075530,0.812,2.375,165.618,166.000,1.223,-0.241,0.302,99686.26,33.42,-92.848,-94.960,-19.0919,1,1
7750,2532,86177618,0.812,2.250,166.122,166.438,1.530,2.362,-1.563,99655.49,33.43,-92.868,-94.971,-19.0906,1,1
7762,2536,86299520,0.750,1.562,166.804,167.438,1.498,2.156,0.419,99657.93,33.43,-92.848,-94.979,-19.1217,1,1
7772,2539,86399319,0.750,1.562,167.506,168.125,1.417,1.010,0.006,99671.48,33.44,-92.826,-94.983,-19.0872,1,1
7783,2543,86509893,0.750,1.625,168.202,168.812,1.352,0.390,-0.260,99678.80,33.44,-92.808,-94.988,-19.1173,1,1
7795,2547,86627605,0.688,1.750,168.870,169.375,1.352,2.423,-1.256,99654.79,33.44,-92.877,-95.015,-19.0871,1,1
7807,2551,86749884,0.500,1.938,169.495,169.938,1.361,0.726,0.520,99674.83,33.46,-92.823,-95.012,-19.1337,1,1
7819,2555,86868764,0.562,1.562,169.914,170.125,1.341,0.880,-0.949,99673.02,33.47,-92.841,-95.026,-19.1208,1,1
7831,2559,86990250,0.562,1.562,170.065,170.125,1.123,0.819,-1.027,99673.73,33.46,-92.901,-95.050,-19.1199,1,1
7841,2562,87089362,0.500,1.812,170.180,170.312,1.207,0.341,0.579,99679.38,33.45,-92.890,-95.059,-19.1854,1,1
7854,2566,87210822,0.250,2.562,170.615,170.938,1.363,1.307,0.898,99667.97,33.43,-92.888,-95.069,-19.3697,1,1
7865,2569,87310901,0.438,7.000,171.089,171.500,1.235,2.294,-1.863,99656.30,33.46,-92.961,-95.155,-19.3720,1,1
7879,2573,87427763,1.312,13.688,171.492,171.625,1.549,2.684,1.329,99651.69,33.45,-92.935,-95.082,-18.3039,1,1
7891,2576,87527524,1.750,16.188,171.645,171.750,1.467,0.311,2.120,99679.73,33.43,-92.873,-95.015,-17.5561,1,1
7905,2580,87651581,1.812,17.750,171.713,171.750,1.792,2.107,1.023,99658.52,33.44,-92.832,-94.930,-18.4165,1,1
7917,2583,87751716,1.625,18.438,171.801,171.875,1.613,1.935,0.411,99660.55,33.44,-92.840,-94.869,-18.3369,1,1
7927,2586,87850712,1.625,19.312,171.873,171.875,1.450,1.909,-1.990,99660.85,33.43,-92.861,-94.801,-18.5080,1,1
7939,2589,87951869,1.938,20.875,171.836,171.812,1.686,1.639,1.759,99664.05,33.43,-92.763,-94.675,-17.6641,1,1
7950,2592,88052067,1.250,19.062,171.856,171.875,1.781,1.084,1.904,99670.60,33.42,-92.668,-94.528,-16.6845,1,1
7962,2595,88152525,0.375,11.875,171.848,171.750,1.827,1.985,-0.001,99659.95,33.42,-92.619,-94.486,-18.2937,1,1
7976,2599,88270769,0.375,2.625,171.736,171.750,1.774,1.917,-0.716,99660.76,33.43,-92.573,-94.558,-21.4954,1,1
7987,2602,88370794,0.688,2.188,171.764,171.875,1.796,1.326,0.943,99667.74,33.44,-92.506,-94.576,-18.9861,1,1
8000,2606,88492246,0.688,2.000,171.847,171.875,1.849,2.138,-0.741,99658.14,33.43,-92.464,-94.591,-19.1335,1,1
8012,2610,88612708,0.688,1.875,171.867,171.875,1.833,1.725,0.112,99663.02,33.45,-92.399,-94.598,-19.1105,1,1
8022,2613,88712714,0.875,1.438,171.832,171.812,1.672,1.192,-1.145,99669.32,33.46,-92.392,-94.614,-19.0883,1,1
8036,2617,88842645,1.375,0.938,172.052,172.188,1.660,3.008,-1.033,99647.88,33.43,-92.441,-94.669,-19.3318,1,1
8047,2620,88942862,1.312,0.938,171.983,171.812,1.408,2.071,-1.334,99658.94,33.41,-92.495,-94.693,-19.1124,1,1
8059,2624,89063348,1.250,0.938,171.861,171.812,1.346,1.662,-0.182,99663.77,33.45,-92.508,-94.713,-19.1338,1,1
8071,2628,89182468,1.250,0.938,171.826,171.812,1.145,1.488,-1.375,99665.82,33.45,-92.570,-94.741,-19.1338,1,1
8083,2632,89303330,1.250,0.938,171.816,171.812,1.222,0.847,1.198,99673.40,33.46,-92.561,-94.755,-19.1136,1,1
8095,2636,89421760,1.250,0.938,171.814,171.812,1.131,0.731,0.039,99674.77,33.48,-92.603,-94.779,-19.1130,1,1
8107,2640,89543519,1.250,0.938,171.813,171.812,1.857,2.758,4.594,99650.82,33.48,-92.500,-94.775,-19.1336,1,1
8119,2644,89664088,1.250,0.938,171.813,171.812,1.860,2.679,0.038,99651.76,33.47,-92.469,-94.783,-18.9708,1,1
8131,2648,89783173,1.188,0.938,171.813,171.812,1.129,-0.739,-3.826,99692.15,33.48,-92.527,-94.813,-19.0961,1,1
8141,2651,89883908,1.375,0.875,171.788,171.625,1.322,2.049,-2.659,99659.20,33.47,-92.590,-94.841,-19.0587,1,1
8153,2655,89996525,0.875,0.875,171.559,171.500,1.379,1.207,0.839,99669.15,33.47,-92.581,-94.850,-19.0591,1,1
8164,2658,90094251,2.625,1.125,171.703,171.938,1.431,2.310,-0.159,99656.12,33.48,-92.628,-94.876,-19.2734,1,1
8177,2662,90214891,6.938,1.062,171.962,171.875,1.514,1.188,1.971,99669.37,33.47,-92.578,-94.872,-18.9988,1,1
8187,2665,90314940,13.438,1.062,171.740,171.438,1.722,1.092,1.924,99670.51,33.46,-92.517,-94.831,-18.2203,1,1
8198,2668,90415120,18.500,1.125,170.868,169.938,1.522,1.821,-2.167,99661.90,33.45,-92.588,-94.757,-17.6915,1,1
8212,2672,90539531,17.625,1.062,170.187,170.062,1.468,1.300,0.261,99668.04,33.46,-92.569,-94.585,-18.0631,1,1
8223,2675,90639525,11.750,1.000,170.202,170.312,1.550,1.473,-0.843,99666.01,33.47,-92.552,-94.499,-18.3049,1,1
8236,2679,90755794,1.312,0.750,170.595,170.812,1.488,-0.524,1.339,99689.60,33.45,-92.461,-94.579,-18.9920,1,1
8248,2682,90865708,1.250,0.750,170.832,170.938,1.219,0.756,-2.869,99674.48,33.45,-92.559,-94.622,-19.2756,1,1
8258,2685,90965906,1.250,0.812,170.901,170.938,1.269,1.857,-1.517,99661.47,33.45,-92.583,-94.646,-19.2450,1,1
8269,2689,91073776,1.188,0.812,170.926,170.938,1.290,0.319,1.727,99679.64,33.45,-92.533,-94.651,-19.1244,1,1
8281,2693,91195877,1.188,0.812,170.934,170.938,1.240,1.028,-0.456,99671.27,33.49,-92.568,-94.676,-19.1144,1,1
8293,2697,91316357,1.188,0.812,170.937,170.938,1.865,2.274,5.079,99656.54,33.48,-92.442,-94.668,-19.1043,1,1
8305,2701,91435901,1.188,0.812,170.937,170.938,1.655,2.524,-2.079,99653.59,33.49,-92.468,-94.692,-19.1341,1,1
8317,2705,91556383,1.188,0.812,170.937,170.938,1.810,2.203,1.154,99657.38,33.49,-92.399,-94.695,-19.1243,1,1
8327,2708,91656556,1.188,0.812,170.937,170.938,1.794,1.918,0.509,99660.74,33.50,-92.371,-94.704,-19.1141,1,1
8338,2712,91766907,1.188,0.812,170.937,170.938,1.388,0.652,-2.380,99675.71,33.49,-92.429,-94.732,-19.1435,1,1
8348,2715,91866903,1.188,0.812,170.937,170.938,1.495,3.120,-2.231,99646.55,33.47,-92.500,-94.759,-19.1232,1,1
8360,2719,91986683,1.188,0.750,170.937,170.938,1.343,0.770,-0.191,99674.31,33.49,-92.477,-94.766,-18.9233,1,1
8371,2722,92086785,0.938,0.688,170.937,170.938,1.374,2.247,-0.775,99656.86,33.48,-92.528,-94.791,-19.1198,1,1
8382,2726,92197097,0.688,0.562,171.118,171.312,1.380,1.067,0.751,99670.80,33.48,-92.512,-94.803,-19.2526,1,1
8393,2729,92296342,0.688,0.562,171.788,173.125,1.547,3.069,-1.056,99647.15,33.47,-92.558,-94.825,-19.1611,1,1
8405,2732,92399519,0.875,0.562,173.225,173.812,1.708,3.130,2.851,99646.43,33.48,-92.523,-94.841,-19.1598,1,1
8417,2736,92517897,1.125,0.688,173.555,173.375,1.239,0.403,-2.896,99678.64,33.47,-92.591,-94.868,-19.0833,1,1
8428,2739,92618202,1.188,0.812,173.191,172.812,0.924,0.169,-3.208,99681.41,33.48,-92.706,-94.904,-19.2067,1,1
8441,2743,92737311,1.125,0.750,172.909,172.812,1.003,0.057,0.785,99682.74,33.48,-92.732,-94.925,-19.1768,1,1
8453,2747,92858088,1.125,0.750,172.840,172.812,1.219,0.335,3.218,99679.45,33.48,-92.716,-94.932,-19.1053,1,1
8465,2751,92976759,1.125,0.750,172.820,172.812,1.106,1.720,-2.361,99663.09,33.49,-92.822,-94.965,-19.1254,1,1
8477,2755,93097342,1.125,0.750,172.815,172.812,1.065,0.832,-0.059,99673.58,33.50,-92.840,-94.980,-19.1052,1,1
8489,2759,93218716,1.125,0.750,172.813,172.812,1.450,2.525,2.244,99653.57,33.50,-92.827,-94.986,-19.0628,1,1
8501,2763,93337636,1.000,0.688,172.136,171.562,1.938,3.537,3.214,99641.62,33.50,-92.731,-94.975,-19.0958,1,1
8513,2767,93458897,1.000,0.688,171.724,171.562,2.012,2.200,2.196,99657.41,33.50,-92.619,-94.962,-19.1168,1,1
8525,2771,93577765,1.000,0.688,171.702,171.812,1.723,1.230,-1.916,99668.88,33.50,-92.623,-94.972,-19.1178,1,1
8537,2775,93699123,0.750,0.625,171.799,171.938,1.477,1.856,-3.779,99661.48,33.51,-92.701,-95.000,-19.1353,1,1
8548,2778,93799253,0.375,0.562,172.061,172.312,1.365,1.001,1.130,99671.58,33.50,-92.724,-95.014,-19.1784,1,1
8559,2781,93898348,0.062,0.500,172.462,172.812,1.523,3.023,-1.717,99647.69,33.47,-92.776,-95.033,-19.0714,1,1
8571,2785,94019896,-0.500,0.500,173.072,173.562,1.420,2.310,-0.584,99656.12,33.50,-92.781,-95.047,-19.1416,1,1
8583,2789,94137811,-1.125,0.312,173.344,173.312,1.329,2.129,-0.785,99658.25,33.49,-92.816,-95.066,-19.1826,1,1
8595,2793,94259883,-1.250,0.000,173.001,172.500,1.330,1.738,0.982,99662.88,33.50,-92.819,-95.075,-19.1640,1,1
8606,2796,94360535,0.000,0.250,172.524,172.062,1.197,1.158,-0.924,99669.73,33.50,-92.861,-95.103,-19.4448,1,1
8618,2800,94470533,0.500,0.375,171.130,170.250,1.237,2.437,-1.558,99654.61,33.51,-92.937,-95.106,-19.1022,1,1
8628,2803,94570550,0.500,0.375,170.557,170.250,0.956,0.300,0.409,99679.86,33.50,-92.951,-95.116,-19.1634,1,1
8640,2807,94689363,0.500,0.375,170.337,170.250,1.215,1.731,0.914,99662.95,33.50,-92.977,-95.130,-19.1635,1,1
8652,2811,94810615,0.500,0.375,170.274,170.250,1.081,0.755,0.493,99674.48,33.51,-92.997,-95.141,-19.1132,1,1
8662,2814,94910728,0.500,0.375,170.259,170.250,1.164,0.404,0.132,99678.63,33.50,-92.979,-95.143,-19.0834,1,1
8674,2818,95029775,0.500,0.375,170.252,170.250,1.547,2.445,1.442,99654.52,33.51,-92.972,-95.148,-19.1232,1,1
8686,2822,95151093,0.562,0.375,170.251,170.250,1.583,1.500,1.056,99665.68,33.51,-92.919,-95.144,-19.0855,1,1
8698,2826,95271552,0.500,0.312,170.018,169.500,1.431,1.046,-1.039,99671.05,33.51,-92.927,-95.153,-19.0525,1,1
8709,2829,95371707,1.000,0.438,170.050,170.375,1.742,1.878,1.993,99661.22,33.51,-92.873,-95.174,-20.7726,1,1
8723,2833,95491078,30.500,-8.500,173.427,177.750,1.528,0.559,-1.053,99676.80,33.50,-92.888,-95.347,-19.0371,1,1
8734,2836,95588786,54.375,-4.500,-151.312,271.062,1.538,1.048,-0.362,99671.03,33.50,-92.904,-95.008,-12.2479,1,1
8746,2839,95691720,69.875,11.000,-103.364,276.312,1.792,1.772,1.020,99662.48,33.49,-92.808,-94.105,-8.7566,1,1
8759,2843,95812190,60.062,9.438,-92.872,271.688,1.492,1.510,-1.676,99665.56,33.50,-92.696,-93.041,-8.3178,1,1
8770,2846,95912362,55.312,10.062,-90.484,268.812,1.391,1.478,-1.604,99665.95,33.49,-92.495,-92.113,-10.5307,1,1
8781,2849,96012375,51.125,13.250,-91.615,267.750,1.288,0.685,-0.139,99675.31,33.49,-92.223,-91.321,-10.0796,1,1
8795,2853,96130763,45.062,10.938,-135.462,174.750,1.341,1.993,-1.125,99659.86,33.50,-91.872,-90.374,-11.6353,1,1
8806,2856,96230794,44.750,12.375,-170.000,174.125,1.143,0.414,0.925,99678.52,33.48,-91.490,-89.687,-11.4814,1,1
8818,2859,96330774,48.562,15.062,178.649,173.812,1.147,1.239,-1.355,99668.77,33.47,-91.134,-88.937,-11.4600,1,1
8829,2862,96430790,49.375,15.688,-129.506,264.000,0.952,0.059,-1.688,99682.71,33.48,-90.741,-88.105,-9.9382,1,1
8841,2865,96531788,53.250,16.500,-108.730,265.188,1.136,1.056,-0.130,99670.93,33.48,-90.270,-87.198,-7.9477,1,1
8852,2868,96631778,61.562,18.688,-99.058,263.875,1.577,2.927,2.969,99648.83,33.48,-89.675,-85.950,-5.4792,1,1
8866,2872,96755526,59.750,21.625,-101.275,255.312,1.566,2.036,1.096,99659.34,33.50,-88.869,-84.400,-3.7396,1,1
8878,2876,96873531,56.000,30.438,-108.904,244.500,1.227,0.595,-1.314,99676.38,33.51,-88.077,-82.910,-4.0906,1,1
8890,2880,96992525,54.875,38.938,-118.942,233.125,1.395,0.553,1.083,99676.88,33.51,-87.141,-81.427,-4.4598,1,1
8901,2883,97093264,58.875,48.438,-126.730,228.000,1.487,1.893,0.376,99661.04,33.51,-86.351,-80.208,-5.7486,1,1
8913,2887,97213717,54.625,33.188,-132.907,221.250,1.588,2.484,0.566,99654.06,33.51,-85.304,-78.672,-6.9270,1,1
8925,2890,97314527,29.938,5.000,166.049,119.000,1.652,1.677,1.144,99663.59,33.50,-84.384,-78.293,-19.2275,1,1
8937,2893,97414523,17.312,-7.438,136.614,129.812,1.616,2.681,-0.945,99651.73,33.50,-83.633,-78.258,-16.9088,1,1
8950,2897,97532765,22.188,-16.062,138.342,144.438,1.324,2.309,-2.685,99656.12,33.51,-82.875,-78.434,-19.7558,1,1
8962,2900,97632778,18.500,-11.688,146.137,151.188,1.297,2.301,-0.575,99656.22,33.52,-82.310,-79.076,-21.3037,1,1
8973,2903,97732777,16.312,1.250,148.972,148.812,1.519,2.396,1.294,99655.09,33.50,-81.792,-79.334,-17.4632,1,1
8985,2906,97832768,21.125,12.562,149.901,149.812,1.531,1.743,2.242,99662.81,33.51,-81.350,-79.486,-19.4777,1,1
8995,2909,97932793,16.812,17.688,149.167,148.438,1.576,2.242,-0.779,99656.92,33.48,-80.984,-79.749,-20.3721,1,1
9006,2912,98033769,15.438,33.375,147.996,147.250,1.355,1.721,-0.383,99663.07,33.50,-80.684,-79.252,-9.4496,1,1
9019,2916,98149533,6.688,34.062,143.789,138.750,1.495,1.765,0.746,99662.56,33.50,-80.237,-78.566,-12.3683,1,1
9030,2919,98249524,0.562,24.000,135.907,130.062,1.376,0.858,1.227,99673.27,33.49,-79.857,-78.382,-16.4603,1,1
9043,2923,98365771,4.875,0.438,132.415,132.875,1.284,0.790,-1.702,99674.08,33.51,-79.511,-78.607,-19.4088,1,1
9055,2926,98465884,11.500,-11.062,134.416,136.375,1.068,-0.272,-0.736,99686.62,33.49,-79.300,-79.111,-20.9528,1,1
9066,2929,98566056,8.750,-12.812,137.453,140.312,0.916,0.346,-2.308,99679.32,33.50,-79.210,-79.482,-18.8560,1,1
9078,2932,98666526,10.500,-18.938,141.092,143.188,0.963,0.622,0.658,99676.06,33.50,-79.100,-79.868,-20.2830,1,1
9089,2935,98766527,7.750,-13.438,142.175,143.000,1.253,0.627,1.882,99676.01,33.49,-78.964,-80.243,-18.2705,1,1
9103,2939,98884780,2.125,0.625,143.654,144.938,1.044,0.982,-1.534,99671.80,33.50,-78.978,-80.613,-20.8199,1,1
9114,2942,98984765,0.625,0.438,145.266,146.688,0.932,1.778,-3.065,99662.40,33.52,-79.059,-81.012,-19.1481,1,1
9127,2946,99106262,0.812,0.500,146.320,146.625,1.246,1.592,2.621,99664.60,33.52,-79.049,-81.356,-19.1053,1,1
9139,2950,99226709,1.188,0.688,162.143,192.000,1.227,1.862,-0.804,99661.41,33.52,-79.137,-81.707,-19.1059,1,1
9151,2954,99343875,1.438,0.812,-176.411,192.062,1.106,2.005,-1.831,99659.72,33.54,-79.282,-82.052,-19.1007,1,1
9162,2957,99445214,1.625,0.875,-170.578,192.250,1.440,2.602,2.702,99652.67,33.52,-79.328,-82.328,-19.1280,1,1
9174,2961,99566914,1.812,0.938,-168.549,192.250,0.830,-0.722,-2.982,99691.95,33.53,-79.515,-82.676,-19.1031,1,1
9186,2965,99685758,1.938,1.000,-167.950,192.312,0.805,0.733,-1.953,99674.74,33.53,-79.766,-83.021,-19.0906,1,1
9198,2969,99805923,2.062,1.062,-167.762,192.312,0.952,1.683,0.230,99663.52,33.54,-79.984,-83.355,-19.0669,1,1
9208,2972,99904841,2.125,1.062,-167.669,192.438,0.960,0.677,1.595,99675.41,33.54,-80.137,-83.618,-19.0869,1,1
9219,2976,100016909,2.188,1.125,-167.553,192.500,0.934,1.409,-0.491,99666.76,33.55,-80.377,-83.924,-19.0740,1,1
9231,2980,100135763,2.250,1.125,-167.515,192.500,0.808,-0.474,0.785,99689.01,33.55,-80.583,-84.230,-19.1023,1,1
9243,2984,100257275,2.312,1.188,-167.504,192.500,0.749,-0.021,0.089,99683.66,33.54,-80.865,-84.551,-19.0818,1,1
9255,2988,100378360,2.375,1.188,-167.463,192.562,0.789,2.031,-2.473,99659.41,33.56,-81.205,-84.872,-19.0704,1,1
9267,2992,100495690,2.438,1.250,-167.415,192.625,1.197,2.185,3.839,99657.59,33.55,-81.367,-85.145,-19.1001,1,1
9279,2996,100618067,2.438,1.250,-167.386,192.625,0.988,1.865,-1.815,99661.38,33.55,-81.656,-85.446,-19.0780,1,1
9289,2999,100718523,2.438,1.250,-167.594,192.188,1.243,2.333,1.104,99655.84,33.56,-81.812,-85.672,-19.1556,1,1
9300,3003,100828899,2.688,1.250,-166.498,194.375,0.811,1.307,-3.870,99667.96,33.54,-82.142,-85.952,-19.1462,1,1
9310,3006,100928945,2.625,1.125,-165.922,194.812,1.111,0.258,3.459,99680.36,33.57,-82.264,-86.164,-18.9577,1,1
9321,3010,101037774,2.500,0.688,-166.576,192.062,0.881,-0.013,-1.006,99683.56,33.55,-82.532,-86.416,-18.8198,1,1
9334,3014,101161520,2.188,0.438,-169.842,188.312,1.122,2.097,0.274,99658.63,33.55,-82.823,-86.684,-19.2846,1,1
9344,3017,101259379,2.062,0.375,-171.307,187.875,1.414,2.207,2.252,99657.34,33.53,-82.954,-86.877,-19.0813,1,1
9356,3021,101379713,2.062,0.375,-171.894,187.875,1.363,1.328,1.094,99667.71,33.54,-83.162,-87.118,-19.0820,1,1
9368,3025,101496685,2.062,0.375,-172.109,187.750,1.234,1.160,-1.478,99669.70,33.55,-83.419,-87.358,-19.1104,1,1
9379,3028,101598424,2.125,0.375,-172.554,187.062,1.008,-0.196,-0.766,99685.72,33.55,-83.642,-87.563,-19.0700,1,1
9391,3032,101719877,1.812,0.500,-172.858,187.000,0.855,-0.105,-1.149,99684.64,33.54,-83.950,-87.808,-19.0359,1,1
9403,3036,101838784,1.250,0.188,-174.758,178.750,0.792,0.259,-0.779,99680.35,33.54,-84.243,-88.043,-19.0830,1,1
9414,3039,101938773,0.562,-0.750,173.622,163.000,0.823,0.066,-0.160,99682.63,33.54,-84.466,-88.229,-19.1766,1,1
9424,3042,102038761,0.125,-1.188,163.358,156.000,0.909,1.283,0.559,99668.24,33.55,-84.698,-88.420,-19.1464,1,1
9435,3046,102149352,0.688,-1.188,156.702,152.750,0.728,-0.350,-0.966,99687.55,33.56,-84.934,-88.621,-19.2509,1,1
9447,3050,102270556,0.875,-1.000,153.491,151.812,0.597,0.296,-1.108,99679.91,33.55,-85.254,-88.844,-19.1141,1,1
9458,3053,102371056,0.938,-1.000,151.777,150.500,0.911,1.961,0.646,99660.23,33.55,-85.444,-89.012,-19.1229,1,1
9470,3057,102489792,1.062,-0.938,150.564,149.688,1.242,2.017,2.197,99659.58,33.55,-85.603,-89.192,-19.1284,1,1
9482,3061,102610838,1.375,-0.750,149.973,149.938,0.843,-0.576,-0.150,99690.22,33.56,-85.815,-89.381,-19.1011,1,1
9494,3065,102731545,1.625,-0.500,150.007,150.062,1.168,1.112,1.511,99670.27,33.56,-86.006,-89.560,-19.0969,1,1
9506,3069,102848877,1.812,-0.312,150.174,150.375,1.049,1.346,-1.114,99667.51,33.56,-86.242,-89.740,-19.0940,1,1
9516,3072,102950164,2.062,-0.062,151.534,155.438,0.914,0.697,-0.886,99675.18,33.56,-86.434,-89.889,-19.0896,1,1
9527,3076,103061735,4.000,0.438,166.033,184.188,0.953,1.498,-1.043,99665.70,33.56,-86.654,-90.046,-18.9716,1,1
9539,3080,103182096,6.250,-0.188,-167.574,211.875,1.307,1.873,2.986,99661.28,33.57,-86.773,-90.183,-18.9625,1,1
9550,3083,103282291,7.188,-0.750,-149.445,222.000,1.129,0.726,0.797,99674.83,33.56,-86.934,-90.300,-18.9899,1,1
9562,3086,103382370,7.438,-1.000,-139.346,225.875,1.035,-0.005,-1.714,99683.47,33.54,-87.106,-90.417,-19.1030,1,1
9575,3090,103498526,7.125,-0.875,-134.678,227.312,1.009,0.529,0.163,99677.16,33.56,-87.297,-90.554,-18.9616,1,1
9586,3093,103600591,6.375,-0.562,-132.712,228.812,1.357,1.974,1.124,99660.09,33.57,-87.401,-90.658,-18.9632,1,1
9597,3097,103710525,5.750,-0.250,-131.971,227.875,1.359,1.121,0.675,99670.16,33.55,-87.509,-90.769,-18.9630,1,1
9609,3101,103832623,5.250,-0.062,-132.500,227.000,1.612,2.658,-0.122,99652.00,33.57,-87.632,-90.892,-19.0196,1,1
9620,3104,103933179,5.125,0.062,-132.889,227.250,1.435,-0.126,3.231,99684.89,33.55,-87.705,-90.987,-19.0072,1,1
9632,3108,104051222,4.812,0.188,-132.855,227.000,1.163,1.533,-4.378,99665.29,33.55,-87.969,-91.131,-19.0312,1,1
9644,3112,104173087,4.625,0.250,-132.997,226.875,1.094,1.517,-0.282,99665.48,33.57,-88.139,-91.257,-18.9999,1,1
9656,3116,104291764,4.500,0.312,-133.339,226.438,1.112,2.698,-1.515,99651.53,33.57,-88.328,-91.382,-19.0450,1,1
9666,3119,104391779,4.375,0.375,-133.551,226.312,1.140,2.038,1.507,99659.33,33.58,-88.419,-91.473,-19.0354,1,1
9677,3123,104501053,4.250,0.438,-133.778,225.938,1.248,1.284,1.581,99668.23,33.58,-88.503,-91.567,-19.0480,1,1
9690,3127,104624056,4.188,0.438,-133.977,226.062,1.251,0.911,0.152,99672.65,33.58,-88.624,-91.675,-19.0508,1,1
9701,3130,104733708,4.125,0.500,-133.972,226.125,1.389,1.589,0.333,99664.63,33.56,-88.724,-91.768,-19.0501,1,1
9714,3134,104851505,4.062,0.562,-133.754,226.438,1.362,2.580,-0.270,99652.92,33.55,-88.881,-91.877,-19.0563,1,1
9724,3137,104950520,4.062,0.562,-133.332,226.938,1.477,2.518,0.475,99653.66,33.55,-88.933,-91.949,-19.0660,1,1
9736,3141,105073897,4.000,0.562,-133.088,226.938,1.644,2.307,1.046,99656.15,33.56,-88.984,-92.035,-19.0456,1,1
9748,3145,105192753,4.000,0.625,-132.900,227.500,1.118,-0.101,-2.073,99684.61,33.57,-89.131,-92.135,-19.0584,1,1
9758,3148,105292755,4.062,0.562,-131.998,228.875,0.965,0.103,-2.774,99682.20,33.57,-89.294,-92.225,-19.0852,1,1
9769,3152,105402790,4.000,0.625,-130.878,229.750,0.931,0.669,-1.558,99675.50,33.58,-89.448,-92.316,-18.9510,1,1
9781,3156,105524613,4.000,0.625,-130.434,229.688,1.090,1.154,0.994,99669.77,33.58,-89.563,-92.409,-19.1130,1,1
9793,3160,105643772,3.938,0.625,-130.389,229.562,1.242,1.234,0.803,99668.83,33.59,-89.646,-92.492,-18.9380,1,1
9805,3164,105764733,3.875,0.625,-130.424,229.562,1.618,3.600,2.261,99640.88,33.59,-89.721,-92.571,-19.0599,1,1
9815,3167,105863331,3.812,0.625,-130.472,229.375,1.556,1.170,1.947,99669.58,33.58,-89.725,-92.621,-19.0518,1,1
9827,3171,105985437,3.750,0.688,-130.665,229.250,1.657,2.630,-0.898,99652.34,33.57,-89.819,-92.699,-19.0537,1,1
9837,3174,106085713,3.750,0.688,-130.720,229.250,1.569,2.423,0.771,99654.77,33.58,-89.884,-92.759,-19.0524,1,1
9848,3178,106193758,3.688,0.688,-130.741,229.250,1.309,0.809,-1.641,99673.84,33.58,-89.972,-92.827,-19.0959,1,1
9860,3182,106313344,3.688,0.688,-130.780,229.188,1.358,0.388,1.432,99678.82,33.59,-90.031,-92.892,-19.0549,1,1
9872,3186,106436071,3.625,0.688,-130.902,228.938,1.771,2.750,1.566,99650.91,33.59,-90.081,-92.955,-19.0769,1,1
9884,3190,106554258,3.562,0.688,-131.359,228.125,1.608,1.440,-1.078,99666.39,33.60,-90.141,-93.018,-19.0767,1,1
9896,3194,106676242,3.500,0.688,-131.955,227.688,1.453,2.182,-2.246,99657.62,33.59,-90.272,-93.095,-19.0491,1,1
9908,3198,106794753,3.438,0.688,-132.410,227.312,1.444,2.091,-0.485,99658.70,33.60,-90.351,-93.158,-19.0609,1,1
9920,3202,106916424,3.375,0.688,-132.900,226.625,1.556,2.875,-0.323,99649.45,33.60,-90.428,-93.221,-19.0616,1,1
9930,3205,107016490,3.312,0.688,-133.372,226.312,1.421,0.814,1.087,99673.79,33.58,-90.444,-93.263,-19.0538,1,1
9942,3209,107137088,3.312,0.688,-133.598,226.312,1.218,0.226,-1.450,99680.74,33.60,-90.547,-93.328,-19.0632,1,1
9954,3213,107256350,3.312,0.688,-133.697,226.125,1.231,2.111,-1.761,99658.46,33.59,-90.701,-93.401,-19.0747,1,1
9966,3217,107377356,3.250,0.688,-134.171,225.375,1.130,0.681,0.944,99675.36,33.60,-90.769,-93.457,-19.0736,1,1
9978,3221,107495765,3.250,0.688,-134.538,225.312,1.085,0.900,-0.318,99672.77,33.58,-90.878,-93.518,-19.0741,1,1
9988,3224,107595769,3.250,0.688,-134.635,225.312,1.233,2.213,-0.053,99657.27,33.61,-90.952,-93.565,-19.0652,1,1
9999,3228,107706883,3.250,0.688,-134.671,225.312,1.147,1.827,-0.296,99661.81,33.59,-91.043,-93.615,-19.0300,1,1
10011,3232,107827703,3.250,0.688,-134.689,225.250,1.279,2.014,0.686,99659.62,33.60,-91.099,-93.661,-18.8979,1,1
10022,3235,107928538,3.250,0.688,-134.848,225.000,1.328,1.478,1.094,99665.95,33.60,-91.131,-93.701,-19.2662,1,1
10033,3239,108038309,3.188,0.688,-135.182,224.500,1.259,0.801,0.484,99673.95,33.59,-91.181,-93.744,-19.0413,1,1
10045,3243,108157979,3.188,0.688,-135.410,224.500,1.317,0.767,0.792,99674.35,33.62,-91.224,-93.787,-19.0861,1,1
10057,3247,108278397,3.188,0.688,-135.475,224.500,1.422,1.753,0.637,99662.70,33.60,-91.282,-93.831,-19.0660,1,1
10069,3251,108396770,3.188,0.688,-135.493,224.500,1.232,0.738,-1.027,99674.70,33.62,-91.343,-93.875,-19.0961,1,1
10081,3255,108518716,3.188,0.688,-135.498,224.500,1.176,-0.027,1.377,99683.73,33.62,-91.381,-93.913,-19.0653,1,1
10093,3259,108639011,3.188,0.688,-135.499,224.500,0.954,1.789,-3.560,99662.27,33.61,-91.576,-93.982,-19.0961,1,1
10105,3263,108758834,3.188,0.688,-135.500,224.500,1.088,1.050,1.085,99671.00,33.61,-91.605,-94.016,-19.0673,1,1
10117,3267,108879175,3.188,0.688,-135.500,224.500,1.103,0.845,0.834,99673.42,33.63,-91.651,-94.052,-19.0662,1,1
10129,3271,108997770,3.125,0.688,-135.757,223.750,1.120,1.620,-0.429,99664.27,33.62,-91.731,-94.094,-19.0471,1,1
10141,3275,109118375,2.875,0.625,-137.179,221.125,1.090,2.615,-1.534,99652.51,33.61,-91.836,-94.140,-19.1034,1,1
10152,3278,109218461,2.562,0.625,-139.809,217.625,1.042,0.018,2.182,99683.20,33.60,-91.814,-94.156,-19.0622,1,1
10163,3281,109321520,2.000,0.562,-143.591,213.062,0.997,0.711,-0.766,99675.01,33.59,-91.904,-94.197,-19.1078,1,1
10174,3284,109421521,1.500,0.500,-147.995,208.312,1.204,1.204,0.967,99669.19,33.60,-91.905,-94.221,-19.1166,1,1
10186,3288,109540085,1.250,0.375,-152.960,203.688,1.387,1.757,1.082,99662.64,33.58,-91.922,-94.250,-19.0876,1,1
10198,3292,109657130,1.312,0.312,-156.437,201.562,1.467,1.892,0.080,99661.05,33.60,-91.933,-94.278,-19.1355,1,1
10210,3296,109779893,1.500,0.312,-158.300,200.938,1.658,1.543,1.736,99665.18,33.61,-91.885,-94.293,-19.1108,1,1
10222,3300,109898763,1.375,0.375,-159.123,199.938,1.369,1.394,-2.460,99666.94,33.61,-91.958,-94.329,-18.9709,1,1
10234,3304,110020438,1.750,0.312,-160.058,199.375,1.433,1.898,1.146,99660.98,33.62,-91.978,-94.358,-19.1242,1,1
10244,3307,110120059,1.812,0.312,-160.465,199.312,1.608,2.378,0.469,99655.32,33.61,-91.957,-94.373,-18.9214,1,1
10255,3311,110230608,1.938,0.438,-160.622,199.250,1.371,0.732,-0.477,99674.76,33.63,-91.982,-94.395,-19.0722,1,1
10267,3315,110348772,2.062,0.500,-160.648,199.375,1.737,2.656,2.877,99652.02,33.63,-91.958,-94.410,-19.1003,1,1
10279,3319,110470786,2.188,0.562,-160.587,199.438,1.541,1.204,-0.974,99669.18,33.62,-91.962,-94.432,-19.1077,1,1
10291,3323,110591483,2.250,0.625,-160.614,199.375,1.066,-0.470,-2.620,99688.96,33.63,-92.056,-94.470,-19.0656,1,1
10303,3327,110709267,2.375,0.625,-160.575,199.500,0.884,0.256,-1.932,99680.39,33.63,-92.183,-94.513,-19.0938,1,1
10313,3330,110808874,2.375,0.688,-160.526,199.500,0.948,0.994,-0.902,99671.66,33.64,-92.253,-94.541,-19.0936,1,1
10324,3334,110920696,2.438,0.688,-160.520,199.438,0.849,0.025,-0.070,99683.12,33.64,-92.309,-94.567,-19.0514,1,1
10334,3337,111020887,2.500,0.688,-160.580,199.375,1.006,0.024,1.353,99683.13,33.62,-92.332,-94.585,-19.1111,1,1
10345,3341,111131615,2.562,0.750,-160.611,199.375,1.088,0.812,0.327,99673.80,33.64,-92.367,-94.606,-19.0896,1,1
10357,3345,111250780,2.562,0.750,-160.621,199.375,1.150,0.845,1.011,99673.42,33.63,-92.389,-94.624,-19.0695,1,1
10369,3349,111372082,2.562,0.750,-160.678,199.250,0.962,0.395,-1.834,99678.73,33.63,-92.467,-94.655,-19.0799,1,1
10381,3353,111492589,2.438,0.750,-160.723,199.312,1.333,3.096,0.224,99646.84,33.64,-92.514,-94.676,-19.1831,1,1
10393,3357,111610959,2.250,0.875,-160.185,200.750,1.403,2.324,0.517,99655.95,33.63,-92.497,-94.689,-19.1056,1,1
10405,3361,111732726,2.375,1.000,-158.573,204.000,1.940,2.676,5.239,99651.79,33.65,-92.362,-94.677,-19.1324,1,1
10417,3365,111850778,4.562,1.125,-145.250,231.125,1.844,0.597,0.791,99676.36,33.65,-92.283,-94.673,-18.9870,1,1
10429,3369,111972894,5.750,0.688,-125.845,245.438,1.702,2.275,-3.777,99656.52,33.64,-92.358,-94.685,-19.0470,1,1
10439,3372,112071542,5.562,0.625,-117.580,247.625,1.685,1.950,1.140,99660.37,33.64,-92.347,-94.686,-19.0016,1,1
10451,3376,112191724,5.188,0.688,-113.337,248.688,1.619,0.417,0.820,99678.48,33.64,-92.294,-94.679,-19.1695,1,1
10462,3379,112293550,4.812,0.750,-111.863,248.875,1.924,2.531,0.826,99653.50,33.61,-92.267,-94.678,-19.1780,1,1
10472,3382,112393725,4.562,0.750,-111.382,248.875,1.814,0.916,1.311,99672.59,33.62,-92.228,-94.678,-19.0210,1,1
10483,3385,112493708,4.375,0.812,-111.705,247.938,1.437,0.564,-3.546,99676.74,33.61,-92.318,-94.702,-19.0566,1,1
10494,3388,112593912,3.688,1.000,-113.383,242.438,1.296,1.494,-3.034,99665.76,33.60,-92.405,-94.721,-18.6829,1,1
10507,3392,112710774,0.750,0.062,-134.001,206.000,1.150,0.604,-1.373,99676.27,33.62,-92.461,-94.745,-19.0103,1,1
10519,3395,112813820,-1.188,-4.125,-172.634,153.438,1.130,0.437,0.225,99678.24,33.62,-92.517,-94.770,-19.2346,1,1
10532,3399,112934150,0.000,-6.938,143.430,119.000,1.140,2.085,-1.104,99658.77,33.61,-92.611,-94.800,-19.0806,1,1
10543,3402,113034351,0.500,-6.750,124.039,113.250,1.168,1.810,0.097,99662.02,33.63,-92.635,-94.810,-19.0172,1,1
10555,3406,113144711,0.875,-6.125,115.328,111.500,1.294,2.501,1.103,99653.86,33.63,-92.657,-94.821,-19.0750,1,1
10566,3409,113244712,1.500,-4.375,112.540,111.188,1.131,0.059,1.637,99682.72,33.63,-92.626,-94.822,-19.0470,1,1
10578,3413,113363547,2.125,-2.938,110.969,110.188,1.265,0.601,0.443,99676.31,33.62,-92.636,-94.832,-19.0599,1,1
10590,3417,113483538,2.312,-2.562,110.007,108.688,1.247,0.735,-0.873,99674.73,33.64,-92.664,-94.846,-19.0818,1,1
10601,3420,113584348,2.500,-2.000,108.609,107.250,1.532,1.695,2.463,99663.38,33.63,-92.638,-94.848,-19.0669,1,1
10613,3424,113703774,2.625,-1.562,107.216,106.312,1.479,2.706,-1.357,99651.44,33.64,-92.671,-94.862,-19.0910,1,1
10625,3428,113823707,2.625,-1.125,105.975,104.875,1.561,0.978,2.442,99671.85,33.64,-92.583,-94.852,-19.0883,1,1
10637,3432,113945707,2.312,-1.062,103.766,101.438,1.584,1.670,-0.890,99663.68,33.65,-92.579,-94.860,-19.1027,1,1
10648,3435,114045737,1.938,-1.188,100.542,97.250,1.636,1.540,-0.096,99665.22,33.64,-92.566,-94.867,-19.1063,1,1
10658,3438,114145896,1.750,-1.188,96.079,92.125,1.852,2.297,1.933,99656.27,33.64,-92.516,-94.865,-19.1031,1,1
10671,3442,114263035,2.188,-0.375,92.874,92.312,1.866,1.780,0.100,99662.38,33.64,-92.476,-94.866,-19.1134,1,1
10683,3446,114385927,3.062,0.188,97.538,105.875,1.676,1.773,-2.300,99662.46,33.64,-92.505,-94.876,-18.7632,1,1
10694,3449,114486531,4.500,0.188,112.688,127.812,1.652,1.314,0.998,99667.88,33.65,-92.496,-94.881,-19.0515,1,1
10707,3453,114604763,7.438,-1.938,147.479,181.062,1.527,0.060,-0.187,99682.70,33.64,-92.484,-94.863,-18.6516,1,1
10718,3456,114704790,8.688,-3.938,-175.359,209.062,1.375,0.781,-2.017,99674.19,33.65,-92.563,-94.857,-18.7590,1,1
10731,3460,114825168,8.312,-4.125,-154.052,214.875,0.918,0.372,-3.415,99679.02,33.65,-92.692,-94.864,-18.8996,1,1
10743,3463,114928526,7.688,-3.625,-146.967,216.625,1.113,2.504,-2.240,99653.82,33.61,-92.759,-94.867,-18.8585,1,1
10754,3466,115025233,6.875,-2.875,-143.717,218.312,1.223,1.253,2.735,99668.60,33.64,-92.731,-94.854,-18.9347,1,1
10765,3470,115136902,6.062,-2.062,-141.676,219.750,1.236,0.600,1.649,99676.31,33.64,-92.712,-94.846,-18.9801,1,1
10775,3473,115236535,5.688,-1.562,-139.966,221.812,0.896,-0.102,-3.049,99684.62,33.64,-92.794,-94.860,-19.0162,1,1
10787,3477,115355762,5.312,-1.250,-137.859,223.500,1.112,1.782,0.916,99662.36,33.64,-92.832,-94.867,-18.9997,1,1
10799,3481,115475690,4.938,-0.875,-136.544,224.000,1.028,1.283,0.215,99668.25,33.66,-92.853,-94.872,-19.0258,1,1
10809,3484,115577430,4.625,-0.812,-136.842,221.000,1.248,1.633,0.970,99664.11,33.65,-92.819,-94.867,-19.0043,1,1
10820,3488,115687697,3.250,-0.750,-146.767,200.688,0.962,0.064,-1.167,99682.66,33.68,-92.851,-94.874,-19.1007,1,1
10831,3491,115788253,1.125,-1.875,-170.576,165.062,0.717,0.418,-3.273,99678.47,33.65,-92.964,-94.903,-19.2094,1,1
10842,3494,115888521,0.500,-3.938,155.453,128.562,1.071,1.875,1.345,99661.26,33.65,-92.955,-94.909,-19.1750,1,1
10853,3498,115998373,0.625,-4.688,130.014,114.188,1.145,0.133,3.065,99681.84,33.66,-92.889,-94.907,-19.0772,1,1
10865,3502,116117175,0.812,-4.812,115.878,109.250,1.201,1.196,-1.463,99669.27,33.66,-92.926,-94.923,-19.0566,1,1
10876,3505,116226348,1.500,-3.188,111.055,108.875,1.108,0.395,0.333,99678.74,33.65,-92.949,-94.934,-19.0794,1,1
10887,3509,116337533,1.875,-2.312,109.773,109.250,1.074,1.446,-0.736,99666.33,33.65,-92.994,-94.950,-19.0787,1,1
10899,3513,116456780,2.125,-1.688,109.586,109.562,1.361,1.771,2.195,99662.48,33.66,-92.929,-94.942,-19.0550,1,1
10911,3517,116578917,2.750,-1.188,115.047,126.625,1.250,0.131,0.515,99681.86,33.67,-92.889,-94.941,-19.0416,1,1
10924,3521,116699374,5.938,-1.750,155.716,192.438,1.290,0.618,1.003,99676.10,33.66,-92.877,-94.927,-18.7933,1,1
10935,3524,116799537,7.625,-3.625,-161.163,230.938,1.409,1.672,-0.630,99663.66,33.67,-92.877,-94.906,-19.1871,1,1
10947,3528,116918913,7.188,-4.562,-128.868,251.500,1.390,1.960,-0.493,99660.25,33.66,-92.879,-94.906,-18.7462,1,1
10958,3531,117018692,6.188,-5.312,-106.674,270.062,1.294,2.202,-1.537,99657.39,33.66,-92.905,-94.892,-18.6574,1,1
10971,3535,117139626,5.562,-6.125,-87.122,285.875,1.659,1.680,3.389,99663.55,33.65,-92.783,-94.863,-20.3366,1,1
10982,3538,117239716,5.250,-6.625,-71.377,301.625,1.540,1.590,0.473,99664.62,33.63,-92.795,-94.849,-19.0186,1,1
10994,3542,117358780,4.562,-6.938,-52.556,321.562,1.638,1.836,0.350,99661.71,33.66,-92.748,-94.825,-18.9582,1,1
11006,3546,117480069,4.062,-7.000,-37.329,331.438,1.829,3.175,0.527,99645.89,33.66,-92.704,-94.809,-18.8240,1,1
11018,3550,117600270,3.750,-5.500,-29.190,334.875,1.929,2.781,1.718,99650.55,33.68,-92.616,-94.788,-19.0011,1,1
11030,3554,117718056,3.375,-3.562,-26.064,335.125,1.705,1.010,-0.165,99671.48,33.68,-92.559,-94.780,-19.0380,1,1
11042,3558,117839711,3.250,-2.062,-25.368,334.750,1.780,1.718,-0.681,99663.11,33.68,-92.533,-94.782,-19.0718,1,1
11054,3562,117958775,3.125,-2.062,-26.914,331.125,1.676,0.791,-0.295,99674.06,33.67,-92.495,-94.783,-19.0770,1,1
11064,3565,118058782,2.875,-2.188,-31.378,323.812,1.479,0.917,-2.092,99672.57,33.68,-92.540,-94.798,-19.0820,1,1
11076,3569,118180878,2.062,-2.688,-43.384,303.750,1.474,1.536,-0.319,99665.26,33.65,-92.559,-94.810,-19.0095,1,1
11089,3573,118301387,1.625,-3.625,-66.173,277.125,1.517,1.393,-0.734,99666.95,33.67,-92.552,-94.820,-19.0720,1,1
11101,3577,118420913,1.562,-4.500,-89.725,251.438,1.628,0.765,2.113,99674.38,33.67,-92.494,-94.813,-18.9420,1,1
11113,3581,118541535,2.625,-5.812,-119.896,214.125,1.728,2.730,-0.391,99651.15,33.68,-92.524,-94.820,-19.0816,1,1
11125,3585,118659758,3.938,-6.375,-155.100,180.438,1.488,0.799,-0.433,99673.97,33.69,-92.510,-94.815,-18.9897,1,1
11137,3589,118781616,4.750,-6.312,177.271,158.062,1.402,0.719,-0.024,99674.91,33.68,-92.525,-94.805,-18.8551,1,1
11149,3593,118902082,5.438,-5.875,154.360,138.812,1.254,0.314,-0.282,99679.70,33.70,-92.550,-94.794,-18.9232,1,1
11161,3597,119021147,5.938,-5.312,136.024,123.500,1.414,1.928,-0.985,99660.63,33.69,-92.589,-94.796,-18.8799,1,1
11171,3600,119121277,6.188,-4.750,122.358,109.250,1.391,2.004,0.189,99659.73,33.69,-92.601,-94.793,-18.8545,1,1
11182,3604,119232247,6.250,-4.188,107.684,96.125,1.287,0.370,1.654,99679.04,33.70,-92.574,-94.777,-18.9427,1,1
11194,3608,119352703,6.312,-3.750,92.961,81.812,1.581,1.544,1.481,99665.16,33.68,-92.539,-94.765,-18.9322,1,1
11206,3612,119471332,6.188,-3.312,79.058,69.500,1.562,1.853,-1.324,99661.51,33.70,-92.550,-94.757,-18.9908,1,1
11218,3616,119592719,5.938,-2.875,67.517,58.188,1.566,1.248,0.050,99668.66,33.68,-92.514,-94.738,-18.9051,1,1
11230,3620,119711757,5.750,-2.625,57.308,51.812,1.270,1.706,-2.599,99663.26,33.69,-92.599,-94.759,-19.0105,1,1
11242,3624,119831916,5.438,-2.062,53.022,51.375,1.352,-0.013,2.633,99683.56,33.70,-92.526,-94.746,-18.9900,1,1
11254,3628,119953550,5.562,-2.188,53.849,57.375,1.497,0.241,1.934,99680.56,33.71,-92.489,-94.740,-19.0156,1,1
11264,3631,120053551,6.000,-2.562,61.587,72.250,1.442,2.204,-2.982,99657.37,33.70,-92.557,-94.759,-19.1599,1,1
11275,3635,120161759,6.562,-3.625,80.531,100.562,1.354,0.885,-0.951,99672.95,33.68,-92.559,-94.744,-18.6687,1,1
11287,3639,120283363,6.125,-4.938,111.480,133.875,1.317,1.572,-0.668,99664.84,33.70,-92.594,-94.735,-18.9422,1,1
11299,3643,120403910,5.000,-6.125,144.115,170.062,1.303,1.290,-0.423,99668.17,33.70,-92.598,-94.714,-18.8362,1,1
11312,3647,120528528,4.250,-6.375,176.665,196.688,1.167,0.934,0.269,99672.38,33.71,-92.632,-94.701,-18.9104,1,1
11326,3651,120654348,3.438,-6.125,-154.983,223.062,1.243,2.886,-1.518,99649.31,33.69,-92.709,-94.712,-19.0134,1,1
11338,3655,120773346,2.812,-5.625,-133.331,242.000,1.202,0.198,1.815,99681.07,33.70,-92.638,-94.699,-18.9865,1,1
11350,3659,120894512,1.812,-4.938,-115.648,255.625,1.152,-0.373,0.030,99687.82,33.71,-92.639,-94.710,-19.0554,1,1
11362,3663,121012771,2.125,-4.688,-101.496,267.812,1.043,1.024,-1.487,99671.31,33.70,-92.716,-94.729,-19.0447,1,1
11372,3666,121112764,1.875,-4.062,-88.925,282.500,1.256,0.986,0.939,99671.76,33.70,-92.676,-94.729,-19.1501,1,1
11383,3670,121224541,1.875,-3.562,-73.269,297.812,1.667,2.553,2.420,99653.24,33.70,-92.615,-94.725,-19.1220,1,1
11395,3674,121345157,1.938,-3.375,-62.359,303.750,1.730,2.506,0.617,99653.80,33.70,-92.566,-94.725,-19.0567,1,1
11407,3678,121463750,2.125,-2.688,-56.041,307.375,1.557,0.030,2.267,99683.05,33.72,-92.490,-94.723,-19.0591,1,1
11419,3682,121583536,2.250,-1.938,-53.237,307.875,1.267,0.878,-3.205,99673.04,33.72,-92.577,-94.751,-19.0638,1,1
11431,3686,121705709,2.125,-1.750,-53.573,303.125,1.325,1.424,0.788,99666.59,33.70,-92.586,-94.763,-19.1879,1,1
11443,3690,121825095,1.062,-2.500,-65.269,280.688,1.276,1.326,-1.404,99667.74,33.71,-92.615,-94.777,-19.0123,1,1
11455,3694,121945936,0.750,-4.562,-92.514,240.562,1.768,2.929,4.025,99648.80,33.71,-92.541,-94.763,-18.9935,1,1
11466,3697,122045902,1.625,-6.000,-124.273,212.312,1.257,-0.795,-0.561,99692.80,33.72,-92.567,-94.782,-19.1209,1,1
11479,3701,122164781,2.750,-6.875,-153.938,187.438,1.458,2.497,-0.867,99653.90,33.68,-92.616,-94.784,-18.7483,1,1
11490,3704,122264784,4.562,-7.062,177.015,151.625,1.447,1.675,0.815,99663.62,33.70,-92.595,-94.762,-18.7369,1,1
11504,3708,122388524,6.125,-6.125,139.583,119.375,1.539,0.650,1.495,99675.73,33.68,-92.541,-94.750,-18.8288,1,1
11516,3712,122506895,6.688,-5.188,115.817,99.812,1.956,2.860,1.632,99649.61,33.69,-92.482,-94.735,-18.9817,1,1
11528,3716,122625142,7.062,-4.438,96.901,83.312,2.127,2.695,1.762,99651.56,33.70,-92.383,-94.705,-18.8507,1,1
11540,3720,122746877,6.938,-3.625,79.285,66.312,1.599,0.309,-1.807,99679.77,33.70,-92.376,-94.690,-18.8785,1,1
11552,3724,122865790,6.750,-2.938,62.658,51.812,1.285,0.772,-3.721,99674.29,33.71,-92.468,-94.701,-18.9674,1,1
11563,3727,122974337,6.625,-2.562,52.367,46.312,0.888,-0.070,-3.191,99684.23,33.71,-92.584,-94.723,-18.9410,1,1
11575,3731,123094337,6.312,-2.125,47.736,45.750,1.207,0.390,3.006,99678.80,33.69,-92.538,-94.710,-18.9395,1,1
11586,3734,123197448,5.625,-1.375,46.316,45.500,1.291,0.499,0.966,99677.52,33.69,-92.536,-94.709,-18.9307,1,1
11599,3738,123315772,5.250,-1.000,45.104,44.438,1.315,0.144,0.485,99681.71,33.68,-92.518,-94.707,-19.0140,1,1
11611,3742,123437884,5.188,-0.875,44.975,46.125,1.385,0.784,0.995,99674.15,33.70,-92.520,-94.709,-19.2052,1,1
11623,3746,123558398,5.875,-1.250,52.001,63.062,1.352,1.804,-0.167,99662.09,33.70,-92.557,-94.714,-18.9893,1,1
11634,3749,123658588,7.312,-2.875,73.396,98.438,1.496,1.518,0.827,99665.48,33.71,-92.519,-94.681,-18.6166,1,1
11645,3753,123766777,7.000,-5.062,108.516,136.625,1.774,2.079,2.266,99658.84,33.71,-92.449,-94.644,-18.9557,1,1
11658,3757,123890519,5.750,-7.062,148.881,175.500,1.413,-0.534,-0.215,99689.72,33.72,-92.421,-94.611,-18.7234,1,1
11668,3760,123988715,4.250,-7.625,178.288,203.188,1.668,1.734,-1.086,99662.92,33.70,-92.429,-94.592,-18.9476,1,1
11680,3764,124109121,3.250,-7.188,-152.885,225.688,1.437,0.487,-0.580,99677.66,33.72,-92.423,-94.597,-19.0594,1,1
11692,3768,124228576,2.312,-6.688,-130.943,244.500,1.409,0.101,0.209,99682.21,33.72,-92.405,-94.596,-18.9973,1,1
11704,3772,124349366,1.562,-5.812,-110.959,263.938,1.523,1.770,-0.585,99662.50,33.73,-92.422,-94.604,-18.9684,1,1
11716,3776,124467764,1.062,-4.875,-92.081,280.312,1.495,1.987,-1.816,99659.93,33.71,-92.446,-94.621,-19.0840,1,1
11728,3780,124589475,0.875,-4.250,-78.246,289.750,1.453,1.716,0.403,99663.12,33.72,-92.440,-94.634,-19.0953,1,1
11741,3784,124713527,1.125,-3.312,-71.491,290.938,1.188,0.368,-0.923,99679.06,33.73,-92.468,-94.655,-19.1008,1,1
11753,3787,124818761,1.500,-2.438,-69.969,290.562,1.207,1.187,-1.745,99669.38,33.70,-92.524,-94.680,-19.1082,1,1
11763,3790,124918756,1.688,-1.812,-69.744,290.375,1.135,0.398,-0.351,99678.71,33.70,-92.540,-94.694,-19.0955,1,1
11774,3794,125027131,1.688,-1.688,-70.570,287.688,1.440,1.605,2.030,99664.44,33.71,-92.515,-94.702,-19.0933,1,1
11786,3798,125150372,1.125,-3.125,-82.758,260.188,1.224,-0.237,-1.209,99686.20,33.72,-92.509,-94.716,-19.1175,1,1
11797,3801,125250531,1.062,-5.375,-113.187,215.500,1.094,0.468,-1.204,99677.88,33.73,-92.585,-94.742,-19.1413,1,1
11810,3805,125368783,3.125,-7.062,-159.440,168.625,1.495,3.404,1.078,99643.19,33.70,-92.601,-94.742,-18.9891,1,1
11822,3809,125490595,4.688,-7.250,161.857,135.812,1.359,0.409,1.056,99678.58,33.73,-92.532,-94.734,-18.9732,1,1
11835,3813,125611354,5.875,-6.562,128.873,109.625,1.638,2.716,-0.123,99651.32,33.72,-92.536,-94.733,-19.1001,1,1
11846,3816,125711365,7.000,-5.688,107.016,89.750,1.406,0.844,1.495,99673.44,33.73,-92.535,-94.728,-18.9650,1,1
11858,3820,125829988,7.438,-4.562,85.694,70.938,1.390,1.753,-1.282,99662.70,33.72,-92.572,-94.716,-18.7597,1,1
11870,3823,125935527,7.312,-4.000,70.129,61.688,1.303,0.726,0.534,99674.83,33.72,-92.574,-94.708,-18.9640,1,1
11883,3827,126051871,6.938,-3.438,61.864,57.812,1.347,-0.121,2.330,99684.84,33.71,-92.533,-94.690,-18.9167,1,1
11893,3830,126151686,6.875,-3.250,58.436,56.438,1.040,-0.020,-2.155,99683.64,33.71,-92.627,-94.705,-18.9049,1,1
11905,3834,126270767,6.812,-4.562,66.154,86.312,1.231,1.802,-0.067,99662.12,33.73,-92.658,-94.705,-18.4644,1,1
11917,3837,126370765,6.000,-6.125,101.528,131.188,1.155,1.864,0.743,99661.38,33.72,-92.677,-94.678,-18.7987,1,1
11930,3841,126494583,3.562,-6.750,142.982,168.688,1.422,0.903,3.313,99672.73,33.72,-92.582,-94.652,-18.9892,1,1
11942,3845,126612538,2.500,-6.312,176.008,195.562,1.215,-0.219,-0.229,99686.00,33.73,-92.579,-94.638,-18.9351,1,1
11954,3849,126731692,2.438,-6.312,-170.977,193.062,1.497,2.499,-0.728,99653.88,33.74,-92.602,-94.649,-18.9990,1,1
11966,3853,126852773,2.500,-6.062,-168.334,192.000,1.633,3.320,-0.496,99644.19,33.73,-92.580,-94.650,-19.0167,1,1
11978,3857,126970773,2.938,-5.500,-169.013,190.250,1.990,2.663,3.523,99651.95,33.74,-92.437,-94.651,-19.3572,1,1
11988,3860,127071780,2.812,0.750,-171.327,186.125,2.076,2.039,2.228,99659.31,33.74,-92.346,-94.681,-18.7867,1,1
11999,3864,127182340,1.188,10.312,-175.138,182.562,2.075,1.166,0.852,99669.64,33.74,-92.259,-94.635,-18.6423,1,1
12011,3868,127303349,-0.312,21.688,-176.105,183.812,1.763,1.246,-3.575,99668.69,33.76,-92.288,-94.528,-17.3798,1,1
12023,3872,127421769,0.000,29.562,-176.079,184.062,1.941,2.231,0.664,99657.05,33.74,-92.226,-94.278,-16.6531,1,1
12035,3876,127543453,2.688,30.312,-174.827,187.438,1.785,1.342,-0.892,99667.55,33.75,-92.143,-93.895,-15.6022,1,1
12047,3880,127663907,3.062,27.688,-172.685,188.312,1.687,2.294,-1.890,99656.30,33.75,-92.084,-93.567,-16.1509,1,1
12059,3884,127781153,2.938,25.750,-172.161,187.875,1.465,0.815,-1.026,99673.77,33.75,-91.978,-93.287,-16.4783,1,1
12071,3888,127904160,3.375,19.375,-172.639,186.625,1.678,1.513,1.679,99665.54,33.75,-91.812,-93.047,-17.4378,1,1
12083,3892,128022760,3.938,8.500,-174.498,183.812,1.715,1.917,0.292,99660.77,33.75,-91.672,-92.951,-18.5927,1,1
12093,3895,128122791,3.812,-1.000,-176.287,182.438,1.869,2.397,0.072,99655.08,33.75,-91.530,-92.950,-18.9639,1,1
12104,3899,128233513,2.688,-4.250,-176.955,183.188,1.857,2.960,-1.053,99648.44,33.75,-91.441,-92.982,-19.0641,1,1
12116,3903,128354699,2.875,-3.312,-176.584,183.688,1.694,2.826,-2.677,99650.02,33.75,-91.380,-93.045,-19.6762,1,1
12128,3907,128472763,2.875,5.062,-175.628,185.438,1.619,1.441,0.627,99666.38,33.77,-91.276,-93.118,-19.0675,1,1
12140,3911,128594877,2.438,18.500,-174.357,186.188,1.860,2.544,1.211,99653.35,33.76,-91.181,-93.044,-17.4763,1,1
12152,3915,128715535,2.375,28.062,-174.495,185.000,1.609,-0.112,1.070,99684.73,33.76,-91.053,-92.798,-16.0869,1,1
12164,3919,128834330,2.438,34.062,-174.262,186.875,1.079,0.115,-5.214,99682.05,33.78,-91.108,-92.493,-16.0507,1,1
12176,3923,128955555,2.562,37.250,-172.966,188.250,1.180,1.849,-0.730,99661.56,33.76,-91.062,-92.096,-14.7810,1,1
12187,3926,129056061,2.750,37.000,-171.728,189.062,1.460,1.367,3.228,99667.26,33.75,-90.870,-91.701,-14.9649,1,1
12199,3930,129173754,3.312,29.312,-171.158,189.062,1.687,2.413,0.453,99654.90,33.76,-90.668,-91.350,-16.0822,1,1
12211,3934,129295912,3.688,17.062,-171.759,187.438,1.421,0.840,-1.037,99673.48,33.76,-90.476,-91.164,-18.0331,1,1
12223,3938,129416544,4.125,7.188,-172.675,186.938,1.743,3.323,0.501,99644.16,33.76,-90.302,-91.156,-18.8263,1,1
12235,3942,129535497,3.875,0.000,-173.253,186.000,1.624,0.955,0.696,99672.12,33.78,-90.087,-91.205,-18.8434,1,1
12245,3945,129635357,2.375,-1.625,-174.266,185.188,1.589,2.190,-1.358,99657.54,33.76,-90.017,-91.355,-19.3468,1,1
12256,3949,129746461,2.188,-1.688,-174.854,184.375,1.631,1.629,1.646,99664.16,33.78,-89.887,-91.413,-19.0944,1,1
12267,3952,129848523,2.250,-1.312,-175.838,183.438,1.400,0.655,-1.932,99675.67,33.77,-89.851,-91.483,-19.0741,1,1
12279,3956,129967092,2.250,-1.125,-176.851,182.625,1.131,1.041,-2.517,99671.11,33.77,-89.885,-91.579,-19.0956,1,1
12291,3960,130086535,3.938,-0.938,-177.704,181.375,1.411,2.767,1.975,99650.71,33.76,-89.844,-91.667,-20.2352,1,1
12301,3963,130186135,10.500,-0.938,-179.058,179.500,1.267,1.532,-0.729,99665.31,33.76,-89.821,-91.719,-18.8294,1,1
12312,3967,130297167,19.250,-0.812,179.745,179.188,1.391,2.494,0.521,99653.94,33.77,-89.811,-91.710,-17.8669,1,1
12324,3971,130417712,28.938,-0.562,179.180,178.750,1.638,2.956,1.782,99648.48,33.78,-89.736,-91.543,-16.1114,1,1
12334,3974,130517925,35.000,-0.375,178.507,177.625,1.840,2.196,2.654,99657.47,33.76,-89.584,-91.276,-15.4349,1,1
12346,3978,130637342,38.875,-0.188,177.150,175.938,2.045,3.459,1.121,99642.55,33.75,-89.448,-90.862,-14.6674,1,1
12358,3982,130757893,37.562,-0.125,175.567,174.938,2.040,1.491,1.726,99665.79,33.76,-89.205,-90.401,-14.7065,1,1
12370,3986,130876779,33.062,-0.312,175.840,175.750,1.964,2.225,-2.471,99657.12,33.79,-89.061,-90.055,-15.6235,1,1
12382,3990,130998270,22.312,-0.562,174.955,174.438,1.345,0.538,-3.681,99677.05,33.78,-88.964,-89.877,-17.3127,1,1
12392,3993,131098413,11.625,-0.750,173.804,171.562,1.597,1.315,-0.343,99667.87,33.80,-88.803,-89.839,-18.4883,1,1
12403,3997,131208731,1.938,-1.062,171.490,169.812,1.840,2.169,1.474,99657.78,33.78,-88.628,-89.947,-19.0780,1,1
12415,4001,131326776,-0.125,-1.125,171.457,171.875,1.923,2.290,0.766,99656.35,33.79,-88.484,-90.065,-19.0636,1,1
12427,4005,131448932,-13.688,-0.875,172.330,173.312,1.682,1.196,-1.929,99669.27,33.78,-88.403,-90.195,-18.3986,1,1
12439,4009,131569384,-27.750,-0.562,173.186,173.750,1.744,1.534,0.858,99665.29,33.77,-88.317,-90.142,-17.2975,1,1
12452,4013,131697281,-36.750,-0.125,174.340,175.500,1.764,1.829,0.625,99661.80,33.79,-88.233,-89.938,-15.9948,1,1
12462,4016,131798415,-41.688,0.438,159.101,87.812,1.826,1.620,-0.100,99664.27,33.77,-88.124,-89.686,-15.4828,1,1
12474,4020,131909884,-43.250,0.875,108.431,88.625,2.115,3.047,1.341,99647.41,33.77,-87.973,-89.369,-15.4004,1,1
12486,4023,132019812,-42.062,1.062,94.212,88.312,1.953,2.651,-0.266,99652.09,33.74,-87.861,-89.066,-15.2383,1,1
12497,4026,132120096,-32.688,0.500,140.705,176.250,1.733,2.255,-1.586,99656.77,33.77,-87.757,-88.845,-17.2124,1,1
12509,4030,132239551,-18.000,-0.250,164.905,173.250,1.874,3.777,-0.126,99638.78,33.75,-87.619,-88.787,-17.4122,1,1
12520,4033,132339840,1.188,-0.188,171.309,175.688,1.702,0.785,1.147,99674.13,33.76,-87.463,-88.841,-20.5812,1,1
12532,4037,132460081,1.312,-0.125,174.638,175.812,2.059,2.508,2.345,99653.77,33.77,-87.292,-88.962,-19.1332,1,1
12544,4041,132578762,1.562,0.125,175.481,175.812,1.753,3.087,-3.499,99646.94,33.78,-87.288,-89.110,-19.1082,1,1
12554,4044,132678774,1.750,0.312,175.605,175.625,1.813,1.751,0.715,99662.73,33.76,-87.182,-89.212,-19.2196,1,1
12566,4048,132800470,1.625,0.250,174.506,173.188,1.843,2.525,-1.664,99653.58,33.77,-87.161,-89.350,-19.0856,1,1
12577,4051,132903523,1.688,0.312,173.577,173.000,1.907,1.658,2.380,99663.82,33.77,-87.091,-89.459,-19.0861,1,1
12589,4055,133021069,1.688,0.375,172.999,172.438,1.868,1.761,-0.553,99662.60,33.77,-87.079,-89.595,-19.1789,1,1
12599,4058,133121360,0.562,-0.375,169.167,159.312,1.874,1.457,1.121,99666.19,33.78,-87.068,-89.709,-19.1847,1,1
12612,4062,133240678,-0.625,-3.562,140.968,116.375,2.171,3.775,0.648,99638.80,33.78,-87.080,-89.849,-19.1721,1,1
12623,4065,133340913,-0.062,-6.250,109.506,81.625,2.037,1.974,0.669,99660.08,33.76,-87.071,-89.959,-19.1092,1,1
12634,4069,133451200,0.750,-7.500,81.526,61.938,2.030,0.850,0.879,99673.36,33.78,-87.052,-90.067,-18.9788,1,1
12646,4073,133571902,1.688,-8.250,60.520,47.875,1.476,1.184,-5.603,99669.41,33.79,-87.249,-90.220,-18.9112,1,1
12658,4077,133691560,2.500,-8.562,47.159,38.750,1.539,2.032,-1.132,99659.40,33.79,-87.359,-90.349,-19.0974,1,1
12670,4081,133811915,3.125,-7.500,38.263,32.875,1.619,2.315,0.527,99656.05,33.81,-87.437,-90.470,-19.0002,1,1
12682,4085,133930752,3.375,-5.750,32.841,30.000,1.471,1.922,-1.428,99660.70,33.79,-87.557,-90.595,-18.9902,1,1
12695,4089,134058006,3.375,-3.375,29.729,28.062,1.511,0.444,2.856,99678.16,33.78,-87.598,-90.713,-19.0350,1,1
12706,4092,134161889,3.312,-2.000,28.464,27.875,2.000,2.910,0.755,99649.03,33.79,-87.632,-90.808,-19.0326,1,1
12717,4095,134263054,3.375,-1.188,28.099,28.062,1.743,1.370,0.385,99667.22,33.79,-87.720,-90.911,-19.0516,1,1
12730,4099,134380782,3.812,-0.875,30.731,34.875,1.575,2.010,-1.942,99659.66,33.77,-87.883,-91.041,-19.0831,1,1
12743,4103,134505594,5.125,-1.062,48.843,65.562,1.723,1.316,1.434,99667.85,33.79,-87.929,-91.148,-18.9406,1,1
12754,4106,134605522,6.875,-2.938,81.970,113.938,1.811,1.926,1.412,99660.65,33.79,-88.002,-91.229,-18.8859,1,1
12767,4110,134723560,6.375,-5.500,134.196,166.062,2.032,1.489,2.143,99665.82,33.76,-87.996,-91.299,-18.8542,1,1
12779,4113,134823527,5.688,-6.188,165.583,186.375,1.894,2.206,-1.427,99657.35,33.77,-88.128,-91.382,-18.7337,1,1
12790,4116,134923749,4.500,-6.625,-168.593,212.125,1.767,0.888,-0.951,99672.91,33.77,-88.197,-91.460,-19.0383,1,1
12801,4119,135023988,3.000,-6.562,-142.565,239.250,1.678,0.817,-0.100,99673.75,33.77,-88.303,-91.545,-19.0484,1,1
12813,4123,135142174,2.438,-6.312,-117.831,258.812,1.837,0.609,1.574,99676.21,33.79,-88.343,-91.631,-19.0103,1,1
12825,4127,135263881,1.875,-5.938,-100.393,270.812,1.888,2.746,-1.773,99650.97,33.78,-88.483,-91.737,-19.0031,1,1
12837,4131,135382779,1.688,-5.375,-87.984,279.688,1.703,1.619,-1.379,99664.27,33.80,-88.587,-91.834,-19.0744,1,1
12849,4135,135504074,1.438,-5.125,-79.668,284.125,1.544,0.598,-0.263,99676.34,33.81,-88.691,-91.934,-19.0547,1,1
12860,4138,135604795,1.625,-4.000,-76.941,284.312,1.549,2.498,-2.444,99653.89,33.79,-88.859,-92.031,-19.0704,1,1
12870,4141,135702091,1.812,-3.125,-76.166,284.062,1.863,2.998,1.663,99647.99,33.78,-88.897,-92.100,-19.1550,1,1
12882,4145,135824889,2.125,-3.938,-86.438,258.375,1.514,1.499,-1.069,99665.70,33.80,-89.017,-92.201,-19.0889,1,1
12894,4149,135944637,2.562,-5.562,-121.635,205.125,1.600,2.473,0.549,99654.19,33.79,-89.131,-92.285,-19.1309,1,1
12905,4152,136044795,3.688,-6.062,-158.305,173.125,1.592,1.432,0.595,99666.48,33.81,-89.187,-92.344,-18.8545,1,1
12918,4156,136165133,4.625,-6.062,164.580,141.625,1.529,0.097,1.793,99682.27,33.78,-89.250,-92.411,-18.8614,1,1
12929,4159,136265372,5.375,-5.625,139.082,118.188,1.627,1.376,-2.134,99667.16,33.80,-89.353,-92.490,-19.2321,1,1
12940,4163,136375720,6.125,-4.688,113.641,93.875,1.486,1.102,-0.510,99670.38,33.80,-89.459,-92.549,-18.9737,1,1
12952,4167,136494193,6.250,-3.938,90.287,73.500,1.469,1.758,-0.304,99662.63,33.80,-89.580,-92.616,-18.8799,1,1
12964,4171,136615679,6.062,-3.250,70.575,57.188,1.879,2.758,2.681,99650.82,33.82,-89.600,-92.659,-19.0139,1,1
12976,4175,136734762,6.062,-2.875,55.514,46.938,1.259,0.002,-3.121,99683.38,33.81,-89.739,-92.733,-18.9803,1,1
12988,4179,136856019,6.000,-2.750,47.460,43.875,1.461,1.802,0.471,99662.12,33.82,-89.850,-92.804,-18.9632,1,1
13000,4183,136976561,5.562,-2.000,45.677,46.250,1.389,1.192,0.521,99669.32,33.82,-89.938,-92.867,-19.0381,1,1
13011,4186,137076527,5.438,-1.875,49.389,56.562,1.243,1.373,-1.615,99667.19,33.80,-90.077,-92.937,-19.2442,1,1
13023,4190,137196156,6.375,-3.188,68.625,90.875,1.828,2.518,4.696,99653.66,33.80,-90.051,-92.976,-18.8903,1,1
13036,4194,137317081,6.688,-5.062,109.946,140.125,1.807,0.503,2.889,99677.46,33.81,-90.027,-93.004,-19.1060,1,1
13047,4197,137417053,5.062,-6.000,142.829,168.500,2.140,2.781,0.077,99650.55,33.80,-90.067,-93.036,-18.9217,1,1
13058,4200,137517283,4.125,-6.250,172.038,195.562,1.861,0.711,-0.111,99675.00,33.79,-90.083,-93.068,-18.9557,1,1
13068,4203,137616882,3.062,-6.062,-163.243,217.375,1.618,1.254,-2.694,99668.59,33.80,-90.207,-93.121,-19.0659,1,1
13080,4207,137735765,2.875,-5.812,-137.905,238.250,1.590,1.731,-0.546,99662.96,33.81,-90.287,-93.177,-19.0499,1,1
13092,4211,137857250,2.500,-5.375,-118.961,252.875,1.813,3.106,1.437,99646.71,33.82,-90.334,-93.227,-18.9560,1,1
13102,4214,137957246,2.188,-5.125,-108.931,258.375,1.923,2.624,0.981,99652.40,33.81,-90.325,-93.260,-19.0743,1,1
13113,4218,138067558,1.562,-4.438,-102.772,260.312,1.702,0.985,-0.709,99671.77,33.82,-90.370,-93.308,-19.0122,1,1
13124,4221,138168527,1.875,-3.000,-100.695,260.250,1.789,3.189,-1.685,99645.73,33.81,-90.480,-93.367,-19.0675,1,1
13136,4225,138286780,2.312,-3.312,-102.429,253.125,1.718,0.183,2.820,99681.25,33.81,-90.439,-93.401,-19.0435,1,1
13148,4229,138407854,2.188,-4.125,-114.140,233.875,1.792,1.284,-0.369,99668.23,33.82,-90.507,-93.454,-19.0077,1,1
13160,4233,138528561,2.250,-4.875,-131.809,214.625,1.517,0.561,-1.140,99676.78,33.84,-90.594,-93.511,-19.0605,1,1
13173,4237,138648765,2.625,-3.750,-146.854,205.562,1.556,1.093,-0.003,99670.50,33.80,-90.673,-93.563,-19.0244,1,1
13185,4240,138752888,2.625,-2.875,-154.101,201.875,1.741,1.969,1.165,99660.14,33.82,-90.711,-93.604,-19.0717,1,1
13197,4243,138852524,2.562,-2.312,-158.155,199.500,1.521,0.707,-0.312,99675.05,33.81,-90.790,-93.652,-19.1059,1,1
13211,4247,138978890,2.625,-1.750,-160.677,198.188,1.545,1.195,-0.048,99669.28,33.78,-90.869,-93.705,-19.0686,1,1
13222,4250,139079164,2.750,-1.438,-161.558,198.000,1.657,2.097,-0.734,99658.63,33.80,-90.922,-93.745,-19.0602,1,1
13235,4254,139202526,2.750,-1.125,-161.944,197.812,1.395,0.721,-0.964,99674.89,33.78,-91.006,-93.797,-18.9172,1,1
13246,4257,139307744,2.812,-0.938,-162.277,197.375,1.832,3.635,-0.333,99640.47,33.80,-91.035,-93.831,-19.0476,1,1
13257,4261,139419341,2.812,-0.750,-162.533,197.312,1.631,0.817,1.762,99673.76,33.81,-91.038,-93.857,-18.9383,1,1
13267,4264,139519432,2.875,-0.625,-162.686,197.188,1.522,0.356,-2.630,99679.20,33.82,-91.107,-93.898,-19.0516,1,1
13278,4268,139629950,2.875,-0.500,-162.808,197.125,1.403,1.284,-1.408,99668.23,33.82,-91.199,-93.945,-19.1011,1,1
13290,4272,139747238,2.875,-0.438,-162.856,197.125,1.429,0.985,1.074,99671.77,33.82,-91.243,-93.984,-19.0925,1,1
13302,4276,139869883,2.875,-0.312,-162.948,196.938,1.003,0.183,-3.846,99681.25,33.84,-91.398,-94.043,-19.0530,1,1
13314,4280,139988774,2.938,-0.250,-163.068,196.875,1.209,2.583,-1.049,99652.88,33.83,-91.526,-94.095,-19.0807,1,1
13326,4284,140108906,2.938,-0.188,-163.159,196.750,1.324,1.062,2.184,99670.86,33.85,-91.522,-94.121,-19.1108,1,1
13337,4287,140211528,2.938,-0.125,-163.288,196.625,1.246,1.439,-1.213,99666.41,33.84,-91.613,-94.160,-19.0595,1,1
13349,4291,140330726,2.938,-0.062,-163.350,196.625,1.156,0.845,1.056,99673.42,33.82,-91.672,-94.197,-19.0597,1,1
13361,4295,140448105,2.938,0.000,-163.368,196.625,1.185,0.791,-0.052,99674.05,33.82,-91.731,-94.231,-19.0719,1,1
13373,4299,140570697,2.938,0.000,-163.373,196.625,1.224,0.243,0.502,99680.54,33.85,-91.761,-94.261,-19.0509,1,1
13385,4303,140689791,3.000,0.062,-163.374,196.625,1.384,1.221,0.515,99668.98,33.85,-91.807,-94.293,-19.0711,1,1
13397,4307,140810745,3.000,0.062,-163.425,196.500,1.304,2.626,-2.108,99652.38,33.83,-91.921,-94.337,-19.0900,1,1
13409,4311,140931566,3.000,0.125,-163.514,196.438,1.445,1.675,2.853,99663.61,33.84,-91.894,-94.353,-19.0991,1,1
13419,4314,141031710,2.938,0.125,-163.612,196.250,1.621,0.704,2.301,99675.09,33.84,-91.844,-94.360,-19.1016,1,1
13430,4318,141139768,2.938,0.125,-163.861,195.938,1.737,2.043,0.254,99659.27,33.85,-91.849,-94.380,-19.0822,1,1
13440,4321,141239773,2.938,0.125,-164.068,195.812,1.252,0.368,-2.519,99679.06,33.83,-91.937,-94.412,-19.0911,1,1
13452,4325,141361900,2.938,0.125,-164.160,195.750,1.746,2.715,1.537,99651.34,33.85,-91.934,-94.431,-19.0911,1,1
13464,4329,141482347,2.562,0.250,-164.383,194.562,1.951,1.841,3.099,99661.65,33.84,-91.852,-94.432,-18.8842,1,1
13477,4333,141606531,1.062,-0.750,-175.671,170.312,1.852,1.501,0.252,99665.67,33.85,-91.849,-94.449,-18.9872,1,1
13490,4337,141722833,-0.688,-3.625,152.001,126.000,1.359,0.153,-2.682,99681.59,33.84,-91.943,-94.494,-19.2424,1,1
13500,4340,141822511,0.312,-6.812,118.090,81.375,1.319,1.080,-2.320,99670.65,33.83,-92.031,-94.524,-19.2769,1,1
13512,4344,141940773,2.438,-8.250,73.452,48.875,1.367,2.152,-1.207,99657.98,33.87,-92.104,-94.538,-18.9905,1,1
13524,4348,142062908,3.188,-8.438,49.642,37.438,1.336,0.029,2.876,99683.06,33.85,-92.066,-94.531,-18.8998,1,1
13536,4352,142182593,3.250,-5.938,40.361,37.062,1.288,0.572,-0.574,99676.66,33.84,-92.131,-94.545,-19.0017,1,1
13548,4356,142302330,2.562,-5.375,42.382,48.062,1.627,2.688,1.674,99651.65,33.85,-92.146,-94.553,-18.9429,1,1
13561,4360,142423776,1.812,-4.188,66.173,93.250,1.547,1.375,1.017,99667.16,33.84,-92.132,-94.558,-18.8579,1,1
13572,4363,142523881,3.000,-2.000,113.163,154.188,1.927,3.195,0.815,99645.66,33.82,-92.111,-94.561,-19.4746,1,1
13583,4366,142624053,4.438,-1.938,166.420,206.812,1.556,0.326,0.944,99679.55,33.81,-92.093,-94.592,-19.0691,1,1
13595,4369,142724524,5.312,-2.500,-151.576,236.438,1.417,0.622,-3.350,99676.05,33.80,-92.172,-94.615,-18.9362,1,1
13606,4372,142824526,6.000,-4.000,-116.187,273.375,1.699,3.225,-0.141,99645.30,33.81,-92.198,-94.617,-18.9076,1,1
13619,4376,142942770,5.375,-4.688,-77.833,300.062,2.333,3.495,4.819,99642.11,33.83,-92.049,-94.594,-18.9595,1,1
13631,4380,143064129,5.812,-4.688,-64.829,297.625,2.059,1.679,-2.027,99663.57,33.83,-92.013,-94.598,-19.1134,1,1
13643,4384,143184587,6.062,-3.875,-73.643,273.500,2.119,1.655,1.197,99663.86,33.83,-91.963,-94.587,-18.9110,1,1
13654,4387,143284713,5.938,-3.188,-91.125,252.875,2.109,1.361,0.419,99667.33,33.82,-91.925,-94.577,-18.9619,1,1
13666,4391,143403139,5.938,-2.438,-111.047,235.750,2.185,2.000,0.614,99659.77,33.85,-91.891,-94.550,-17.4560,1,1
13678,4395,143524882,5.688,-2.312,-122.819,229.125,1.737,1.654,-4.085,99663.87,33.84,-91.972,-94.573,-18.8222,1,1
13690,4399,143643763,4.875,-2.500,-131.520,224.125,1.795,1.579,0.100,99664.75,33.86,-91.968,-94.570,-19.0003,1,1
13702,4403,143764981,4.562,-1.938,-134.690,224.062,1.804,3.100,-1.857,99646.78,33.85,-92.030,-94.595,-18.8898,1,1
13714,4407,143885416,4.562,-1.250,-135.687,223.688,1.192,0.404,-3.425,99678.63,33.86,-92.120,-94.627,-18.9199,1,1
13724,4410,143985721,4.125,-1.438,-136.137,223.812,1.231,1.029,-1.188,99671.25,33.86,-92.180,-94.637,-18.9998,1,1
13737,4414,144104178,4.000,-1.062,-135.669,227.375,1.686,2.897,1.949,99649.18,33.84,-92.184,-94.652,-19.0485,1,1
13747,4417,144205256,5.375,-1.625,-120.086,265.125,1.854,2.397,4.074,99655.09,33.84,-92.132,-94.656,-19.4462,1,1
13760,4421,144326528,7.062,-4.500,-69.305,329.250,1.829,2.135,-1.090,99658.18,33.83,-92.131,-94.649,-19.3017,1,1
13771,4424,144426534,6.438,-6.000,-26.888,2.625,1.931,1.361,2.126,99667.33,33.83,-92.077,-94.608,-19.0712,1,1
13784,4428,144544771,4.938,-6.562,8.057,26.938,1.623,0.346,-1.113,99679.32,33.84,-92.106,-94.610,-18.9122,1,1
13796,4432,144666273,4.000,-6.875,32.368,51.000,1.891,3.108,0.440,99646.68,33.84,-92.130,-94.612,-18.8735,1,1
13808,4436,144786708,3.312,-6.812,52.344,64.312,1.350,-0.202,-2.601,99685.79,33.85,-92.155,-94.617,-19.0424,1,1
13821,4440,144910526,3.062,-5.562,64.564,71.062,1.482,1.255,0.363,99668.58,33.86,-92.198,-94.631,-18.9859,1,1
13832,4443,145016598,3.062,-4.562,71.694,76.938,1.438,1.096,0.092,99670.46,33.84,-92.223,-94.643,-18.9841,1,1
13843,4447,145127106,3.000,-4.438,76.779,79.562,1.780,2.535,1.055,99653.45,33.85,-92.198,-94.647,-19.0499,1,1
13855,4451,145244771,3.000,-3.562,78.230,77.812,1.753,1.818,1.441,99661.93,33.84,-92.176,-94.651,-19.0456,1,1
13866,4454,145345765,2.938,-4.000,68.261,52.375,1.841,1.670,0.361,99663.68,33.84,-92.150,-94.648,-19.0564,1,1
13879,4458,145467242,3.188,-4.750,38.373,13.938,1.717,1.693,-0.751,99663.41,33.85,-92.183,-94.668,-19.1389,1,1
13889,4461,145567445,3.750,-5.250,7.217,337.562,1.757,2.351,-0.577,99655.63,33.86,-92.188,-94.670,-18.8335,1,1
13902,4465,145687923,4.188,-5.250,-30.787,304.938,1.770,2.095,-0.564,99658.66,33.83,-92.198,-94.673,-19.0100,1,1
13914,4469,145807541,4.312,-5.188,-51.463,295.750,1.364,-0.275,-0.520,99686.66,33.86,-92.216,-94.680,-18.9492,1,1
13927,4473,145928526,4.500,-4.562,-74.851,267.875,1.620,2.880,-1.041,99649.38,33.85,-92.294,-94.688,-18.8378,1,1
13939,4477,146046779,5.062,-4.562,-92.272,257.500,1.489,0.762,0.515,99674.41,33.87,-92.267,-94.682,-18.7823,1,1
13951,4481,146168288,5.188,-4.312,-104.035,246.562,1.523,1.506,0.185,99665.62,33.85,-92.293,-94.681,-19.2603,1,1
13963,4485,146288700,5.562,-4.250,-113.859,235.312,1.699,1.524,2.723,99665.41,33.86,-92.249,-94.667,-18.6509,1,1
13975,4489,146408270,4.625,-3.188,-143.373,185.938,1.741,1.407,0.384,99666.79,33.88,-92.225,-94.655,-18.9533,1,1
13987,4493,146528731,5.188,-2.812,-179.631,161.875,1.591,0.479,-0.121,99677.75,33.87,-92.222,-94.653,-18.9466,1,1
13999,4497,146647785,4.125,-2.938,158.052,141.375,1.734,1.981,0.149,99660.01,33.87,-92.229,-94.668,-19.0717,1,1
14011,4501,146769120,3.688,-2.812,138.338,123.250,1.596,0.062,0.547,99682.67,33.87,-92.195,-94.670,-19.2325,1,1
14022,4504,146869369,3.438,-3.062,118.678,101.188,1.775,3.850,-2.522,99637.93,33.85,-92.292,-94.698,-19.0780,1,1
14034,4508,146989713,3.125,-3.312,97.570,83.062,2.040,2.422,3.554,99654.79,33.86,-92.167,-94.681,-19.0155,1,1
14044,4511,147089708,3.000,-3.000,84.958,75.875,1.783,1.312,-1.727,99667.91,33.88,-92.181,-94.691,-19.0745,1,1
14055,4515,147197770,2.875,-3.125,75.976,70.188,1.702,1.490,-0.244,99665.80,33.88,-92.197,-94.702,-19.0901,1,1
14067,4519,147319728,2.875,-3.188,70.517,68.125,1.957,2.399,0.647,99655.06,33.86,-92.165,-94.704,-19.0516,1,1
14079,4523,147440124,2.938,-3.000,71.752,77.562,1.786,1.653,-1.189,99663.88,33.89,-92.171,-94.713,-18.9785,1,1
14090,4526,147540341,3.562,-2.625,88.024,103.750,1.738,1.045,0.010,99671.05,33.88,-92.174,-94.718,-19.0289,1,1
14103,4530,147659880,4.250,-2.562,114.006,132.875,1.669,1.369,-2.046,99667.23,33.87,-92.205,-94.728,-18.9367,1,1
14114,4533,147759907,4.875,-2.812,137.621,156.812,1.418,-0.207,-0.062,99685.86,33.87,-92.257,-94.740,-19.0291,1,1
14125,4537,147870432,4.938,-2.938,154.502,164.062,1.503,2.556,-1.582,99653.21,33.87,-92.337,-94.761,-19.0390,1,1
14137,4540,147972525,4.750,-2.500,162.056,165.812,1.685,1.839,3.350,99661.68,33.87,-92.275,-94.752,-18.9985,1,1
14149,4544,148090916,4.688,-2.250,166.312,168.312,1.646,0.867,1.162,99673.16,33.88,-92.247,-94.749,-19.0397,1,1
14162,4548,148217979,4.125,-1.938,165.715,164.188,1.438,1.321,-2.508,99667.80,33.88,-92.333,-94.773,-18.8946,1,1
14172,4551,148320925,4.000,-1.500,164.606,164.000,1.311,1.036,-1.407,99671.16,33.89,-92.386,-94.792,-19.0266,1,1
14183,4555,148430529,3.875,-1.125,164.189,164.062,1.704,2.506,1.555,99653.80,33.89,-92.362,-94.792,-19.0890,1,1
14195,4559,148549769,3.750,-0.875,164.098,164.062,1.792,1.044,3.643,99671.08,33.86,-92.275,-94.780,-19.0546,1,1
14207,4563,148669683,3.688,-0.625,164.073,164.062,2.027,1.992,1.567,99659.88,33.90,-92.227,-94.779,-19.0686,1,1
14218,4566,148773525,3.625,-0.500,164.066,164.062,1.776,0.672,-1.266,99675.47,33.89,-92.241,-94.789,-19.0313,1,1
14231,4570,148892080,3.562,-0.312,164.042,164.000,1.739,0.922,-0.668,99672.52,33.88,-92.249,-94.798,-19.0524,1,1
14243,4574,149009501,3.562,-0.250,164.055,164.062,1.403,0.604,-2.227,99676.27,33.91,-92.328,-94.821,-19.0827,1,1
14255,4578,149131862,3.500,-0.125,164.060,164.062,1.716,1.929,2.412,99660.61,33.89,-92.320,-94.826,-19.0452,1,1
14265,4581,149230713,3.500,-0.062,164.062,164.062,1.782,1.948,0.004,99660.40,33.88,-92.304,-94.829,-19.0641,1,1
14277,4585,149350763,3.438,0.062,164.062,164.062,1.989,2.661,2.129,99651.97,33.89,-92.262,-94.828,-19.0872,1,1
14289,4589,149470707,3.438,0.125,164.062,164.062,1.591,1.608,-3.216,99664.41,33.89,-92.321,-94.847,-19.0468,1,1
14300,4592,149570887,3.375,0.188,164.098,164.125,1.854,3.024,0.015,99647.68,33.87,-92.318,-94.852,-19.0703,1,1
14311,4595,149671369,3.375,0.188,164.117,164.125,1.963,1.389,4.540,99666.99,33.88,-92.232,-94.841,-19.0684,1,1
14322,4598,149772730,3.375,0.250,164.122,164.125,1.857,1.230,-1.291,99668.88,33.87,-92.245,-94.850,-19.0892,1,1
14334,4602,149893349,3.375,0.312,164.124,164.125,1.880,2.580,-2.098,99652.93,33.86,-92.292,-94.866,-19.0987,1,1
14346,4606,150011430,3.312,0.312,164.125,164.125,1.593,2.377,-1.826,99655.33,33.87,-92.359,-94.886,-19.0499,1,1
14358,4610,150133198,3.312,0.375,164.125,164.125,1.409,1.056,-0.912,99670.93,33.89,-92.388,-94.900,-19.0505,1,1
14368,4613,150232864,3.312,0.438,164.125,164.125,1.341,1.785,-1.012,99662.31,33.87,-92.471,-94.921,-19.0400,1,1
14380,4617,150351762,3.312,0.438,164.125,164.125,1.325,0.487,1.526,99677.66,33.89,-92.474,-94.927,-19.0499,1,1
14392,4621,150473919,3.312,0.500,164.125,164.125,1.477,1.918,-0.248,99660.74,33.89,-92.520,-94.941,-19.0768,1,1
14404,4625,150594361,3.250,0.500,164.125,164.125,2.082,3.675,3.379,99639.98,33.89,-92.441,-94.930,-19.0191,1,1
14416,4629,150712986,3.250,0.562,164.125,164.125,1.909,2.119,0.049,99658.38,33.90,-92.406,-94.928,-19.0616,1,1
14428,4633,15083