=~=~=~=~=~=~=~=~=~=~=~= PuTTY log 2026.08.22 01:23:57 =~=~=~=~=~=~=~=~=~=~=~=
imu_seq,baro_seq,timestamp_us,roll_deg,pitch_deg,yaw_deg,heading_deg,altitude_m,raw_altitude_m,climb_rate_mps,pressure_pa,temperature_c,comp_altitude_m,comp_climb_rate_mps,comp_accel_up_mss,accel_x_mss,accel_y_mss,accel_z_mss,gyro_x_dps,gyro_y_dps,gyro_z_dps,mag_x_ut,mag_y_ut,mag_z_ut,linacc_x_mss,linacc_y_mss,linacc_z_mss,grav_x_mss,grav_y_mss,grav_z_mss,imu_valid,baro_valid
[IMU] BNO055 axis_map=0x24 sign_x=0 sign_y=0 sign_z=0
[SETUP] Baro PROM: C1=39189 C2=35799 C3=24633 C4=24872 C5=35093 C6=27857
[SETUP] Airspeed init failed -- check wiring/I2C address
[SETUP] SD card init failed -- check the card is inserted
3,1,10678783,3.188,1.125,81.812,81.812,-0.068,-0.378,0.000,99636.34,34.29,-0.006,-0.383,-19.0597,-0.0500,-0.9300,9.3200,-0.0625,0.1250,0.0000,29.1875,-6.5625,25.1875,0.0600,0.0000,-0.4100,-0.1400,-0.9200,9.7600,1,1
15,5,10799115,3.188,1.125,81.812,81.812,0.499,0.502,0.000,99625.95,34.49,-0.084,-2.645,-18.9144,-0.0200,-0.8400,9.1700,0.1250,0.0625,-0.0625,30.0000,-4.6875,24.7500,0.1100,0.0800,-0.5800,-0.1300,-0.9200,9.7600,1,1
27,9,10918478,3.250,1.125,81.812,81.812,0.253,-0.508,-0.059,99637.88,34.59,-0.479,-4.902,-18.9701,0.0900,-0.8500,9.2300,0.0625,0.0000,-0.1875,28.7500,-6.1875,25.5625,-0.1000,0.0700,-0.5400,-0.1300,-0.9200,9.7600,1,1
960,320,20259124,3.375,1.188,81.812,81.812,-0.514,-0.318,-0.935,99635.63,34.89,-84.023,-87.245,-19.0354,-0.0800,-0.9300,9.3000,0.0625,0.0625,0.0000,29.1875,-6.1875,26.0625,0.0300,0.0000,-0.4500,-0.1100,-0.9300,9.7600,1,1
972,324,20378466,3.375,1.188,81.812,81.812,-0.253,-0.854,3.297,99641.97,34.91,-84.290,-87.484,-19.0849,-0.0600,-0.9300,9.3500,0.0000,-0.0625,-0.0625,29.5625,-6.5625,25.5625,0.0200,0.0000,-0.4100,-0.1100,-0.9300,9.7600,1,1
984,328,20499483,3.375,1.188,81.812,81.812,-0.262,-0.726,-0.093,99640.45,34.89,-84.621,-87.731,-19.0470,-0.0700,-0.9000,9.3100,0.0000,-0.1250,-0.0625,29.5625,-7.0000,25.1875,0.0300,0.0200,-0.4400,-0.1100,-0.9300,9.7600,1,1
996,332,20619695,3.375,1.188,81.812,81.812,-0.212,0.300,-0.598,99628.34,34.91,-84.962,-87.974,-19.0732,-0.0600,-0.9600,9.3400,-0.0625,0.1875,0.0000,29.1875,-5.7500,25.5625,0.0500,-0.0200,-0.4100,-0.1100,-0.9300,9.7600,1,1
1008,336,20739424,3.375,1.188,81.812,81.812,-0.336,-0.839,-0.143,99641.78,34.89,-85.260,-88.201,-19.0660,-0.0800,-0.9200,9.3300,0.0000,-0.0625,0.1875,29.1875,-6.5625,26.3750,0.0200,0.0000,-0.4500,-0.1100,-0.9300,9.7600,1,1
1020,340,20859702,3.375,1.188,81.812,81.812,-0.399,-1.143,0.646,99645.38,34.89,-85.563,-88.426,-19.0440,-0.0700,-0.9500,9.3100,0.0000,0.0000,-0.0625,30.0000,-6.1875,27.6875,0.0400,-0.0100,-0.4400,-0.1100,-0.9300,9.7600,1,1
1032,344,20979457,3.375,1.188,81.812,81.812,-0.286,-0.301,-0.374,99635.44,34.91,-85.862,-88.643,-19.0448,-0.0500,-0.9300,9.3100,0.1250,0.0625,0.0000,29.5625,-6.1875,25.5625,0.0300,0.0000,-0.4300,-0.1100,-0.9300,9.7600,1,1
1044,348,21100047,3.375,1.188,81.812,81.812,-0.268,0.476,0.066,99626.26,34.90,-86.162,-88.857,-19.0372,-0.0800,-0.9000,9.3000,-0.0625,0.0625,0.0625,29.5625,-6.1875,26.0625,0.0200,0.0200,-0.4500,-0.1100,-0.9300,9.7600,1,1
1056,352,21220450,3.375,1.188,81.812,81.812,0.011,0.444,2.296,99626.63,34.90,-86.361,-89.045,-19.0504,-0.0100,-0.9900,9.3200,0.0625,0.2500,-0.0625,29.1875,-6.1875,26.0625,0.0900,-0.0500,-0.4300,-0.1100,-0.9300,9.7600,1,1
1068,356,21340228,3.375,1.188,81.812,81.812,-0.137,-0.482,-0.526,99637.56,34.90,-86.609,-89.235,-19.0011,-0.0400,-0.9900,9.2700,-0.0625,0.0625,-0.0625,29.1875,-4.6875,25.5625,0.0600,-0.0500,-0.4800,-0.1100,-0.9300,9.7600,1,1
1080,360,21460488,3.375,1.188,81.812,81.812,-0.115,0.264,-0.469,99628.76,34.91,-86.870,-89.427,-18.9511,-0.0600,-1.0000,9.2200,-0.1250,0.1875,-0.1250,29.5625,-5.7500,27.1875,0.0400,-0.0600,-0.5300,-0.1100,-0.9300,9.7600,1,1
1092,364,21579481,3.375,1.188,81.812,81.812,-0.240,-1.433,0.224,99648.80,34.89,-87.080,-89.599,-19.0458,-0.1000,-0.9300,9.3100,-0.0625,-0.1250,0.0625,29.5625,-5.5000,24.7500,0.0300,0.0100,-0.4100,-0.1100,-0.9300,9.7600,1,1
1104,368,21700693,3.375,1.188,81.812,81.812,-0.317,-0.235,-0.452,99634.65,34.91,-87.371,-89.789,-19.0468,-0.0600,-0.9000,9.3100,0.1250,0.0625,-0.0625,30.0000,-5.5000,26.0625,0.0500,0.0200,-0.4400,-0.1100,-0.9300,9.7600,1,1
1116,372,21820855,3.375,1.188,81.812,81.812,-0.284,0.556,-1.156,99625.31,34.90,-87.634,-89.967,-19.0750,-0.0600,-0.9300,9.3400,0.0000,0.0625,-0.0625,29.5625,-5.7500,27.1875,0.0400,0.0000,-0.4100,-0.1100,-0.9300,9.7600,1,1
1128,376,21940856,3.375,1.188,81.812,81.812,-0.154,0.861,1.443,99621.70,34.89,-87.835,-90.129,-19.0672,-0.0800,-0.9000,9.3300,0.0625,0.0625,-0.1875,29.1875,-5.5000,25.1875,0.0200,0.0300,-0.4200,-0.1100,-0.9300,9.7600,1,1
1140,380,22061116,3.375,1.188,81.812,81.812,-0.305,-1.213,0.640,99646.21,34.90,-88.011,-90.281,-19.0456,-0.0900,-0.9300,9.3100,0.0625,-0.0625,-0.1250,30.2500,-5.7500,25.5625,0.0100,0.0000,-0.4400,-0.1100,-0.9300,9.7600,1,1
1152,384,22180461,3.375,1.188,81.812,81.812,-0.179,-0.311,-0.303,99635.55,34.90,-88.222,-90.436,-19.0350,-0.0600,-0.9300,9.3000,0.0000,-0.1875,0.0625,30.0000,-6.1875,25.5625,0.0600,0.0200,-0.4300,-0.1100,-0.9300,9.7600,1,1
1164,388,22301328,3.375,1.188,81.812,81.812,0.009,-0.514,2.561,99637.95,34.91,-88.357,-90.574,-19.0454,-0.0800,-0.9300,9.3100,0.0000,-0.0625,0.1875,28.8750,-6.1875,26.0625,0.0200,0.0000,-0.4400,-0.1100,-0.9300,9.7600,1,1
1174,391,22401488,3.375,1.188,81.812,81.812,-0.138,-0.953,0.241,99643.13,34.91,-88.527,-90.697,-19.0442,-0.0500,-0.9400,9.3100,-0.1250,0.0000,0.1250,29.5625,-5.5000,27.1875,0.0600,-0.0100,-0.4400,-0.1100,-0.9300,9.7600,1,1
1185,395,22511489,3.375,1.188,81.812,81.812,-0.047,0.644,-1.141,99624.27,34.91,-88.720,-90.830,-19.0261,-0.0800,-0.9200,9.2900,0.0000,-0.1250,0.0000,28.8750,-6.1875,25.1875,0.0300,0.0000,-0.4600,-0.1100,-0.9300,9.7600,1,1
1197,399,22630451,3.375,1.188,81.812,81.812,0.025,0.185,0.468,99629.70,34.90,-88.862,-90.958,-19.0760,-0.0800,-0.9200,9.3400,0.0000,-0.0625,0.0000,29.1875,-6.5625,26.0625,0.0100,0.0000,-0.4400,-0.1100,-0.9300,9.7600,1,1
1209,403,22751738,3.375,1.188,81.812,81.812,-0.097,0.032,-1.023,99631.50,34.92,-89.056,-91.094,-19.0454,-0.0500,-0.9200,9.3100,-0.0625,0.0000,0.0625,29.1875,-6.5625,26.8750,0.0500,0.0000,-0.4400,-0.1100,-0.9300,9.7600,1,1
1221,407,22872048,3.375,1.188,81.812,81.812,-0.296,-1.016,-0.282,99643.88,34.91,-89.239,-91.226,-19.0660,-0.0800,-0.9200,9.3300,-0.0625,0.1250,0.0000,30.6875,-5.7500,26.3750,0.0200,0.0000,-0.4200,-0.1100,-0.9300,9.7600,1,1
1233,411,22991840,3.375,1.188,81.812,81.812,0.012,0.585,1.030,99624.97,34.91,-89.391,-91.349,-19.0351,-0.0900,-0.9400,9.3000,0.0625,0.0625,0.0000,29.5625,-6.1875,24.7500,0.0200,-0.0100,-0.4500,-0.1100,-0.9300,9.7600,1,1
1245,415,23112140,3.375,1.188,81.812,81.812,0.160,0.122,1.923,99630.45,34.92,-89.481,-91.456,-19.0438,-0.0600,-0.9500,9.3100,0.0625,0.1875,-0.0625,29.5625,-5.0625,26.3750,0.0500,-0.0100,-0.4400,-0.1100,-0.9300,9.7600,1,1
1257,419,23231458,3.375,1.188,81.812,81.812,0.233,0.455,0.407,99626.50,34.91,-89.602,-91.566,-19.0556,-0.0900,-0.9300,9.3200,0.0625,0.1250,0.0000,30.0000,-5.7500,26.8750,0.0400,0.0100,-0.4400,-0.1100,-0.9300,9.7600,1,1
1269,423,23352320,3.375,1.188,81.812,81.812,0.023,-0.689,-0.283,99640.01,34.92,-89.739,-91.678,-19.0877,-0.0500,-0.8800,9.3500,0.1250,0.2500,-0.3125,29.5625,-5.7500,26.3750,0.0500,0.0500,-0.4000,-0.1100,-0.9300,9.7600,1,1
1279,426,23452495,3.375,1.188,81.812,81.812,0.087,0.954,-2.337,99620.62,34.90,-89.883,-91.774,-19.0999,-0.1000,-0.8600,9.3600,0.0625,0.0000,0.0625,30.0000,-5.7500,24.3750,0.0100,0.0700,-0.3900,-0.1100,-0.9300,9.7600,1,1
1290,430,23562493,3.375,1.188,81.812,81.812,0.064,0.325,0.422,99628.05,34.91,-89.994,-91.869,-18.9744,-0.0800,-0.9500,9.2400,0.0625,-0.1250,0.0000,30.0000,-5.5000,26.0625,0.0300,-0.0100,-0.5100,-0.1100,-0.9300,9.7600,1,1
1302,434,23681471,3.375,1.188,81.812,81.812,-0.305,-0.951,-2.530,99643.11,34.89,-90.181,-91.980,-19.1287,-0.1300,-0.8900,9.3900,-0.1250,0.0625,0.0000,30.2500,-5.7500,26.0625,-0.0400,-0.0700,-0.5100,-0.1100,-0.9300,9.7600,1,1
1314,438,23802678,3.375,1.188,81.812,81.812,0.098,0.338,2.688,99627.88,34.91,-90.270,-92.069,-19.0531,-0.0800,-0.9700,9.3200,0.0000,-0.0625,-0.0625,28.8750,-5.0625,26.0625,0.0200,-0.0300,-0.4300,-0.1100,-0.9300,9.7600,1,1
1326,442,23923046,3.375,1.188,81.812,81.812,-0.253,-1.657,-0.774,99651.45,34.92,-90.413,-92.168,-19.0552,-0.0700,-0.9300,9.3200,-0.0625,0.0000,0.0625,29.1875,-6.1875,27.1875,0.0300,0.0000,-0.4300,-0.1100,-0.9300,9.7600,1,1
1338,446,24042861,3.375,1.188,81.812,81.812,-0.402,-1.115,-1.456,99645.05,34.92,-90.610,-92.276,-19.0456,-0.0600,-0.9200,9.3100,0.0000,0.0000,0.2500,29.5625,-6.5625,25.1875,0.0400,0.0100,-0.4400,-0.1100,-0.9300,9.7600,1,1
1350,450,24163121,3.375,1.188,81.812,81.812,-0.318,0.472,-0.560,99626.30,34.90,-90.795,-92.379,-19.0650,-0.0900,-0.9400,9.3300,-0.0625,-0.0625,0.1875,30.0000,-6.1875,24.3750,0.0200,0.0000,-0.4200,-0.1100,-0.9300,9.7600,1,1
1362,454,24282482,3.375,1.188,81.812,81.812,-0.118,-0.429,2.157,99636.95,34.91,-90.849,-92.455,-19.0440,-0.0700,-0.9500,9.3100,0.0000,0.2500,0.1250,30.0000,-7.0000,26.8750,0.0300,-0.0100,-0.4200,-0.1100,-0.9300,9.7600,1,1
1374,458,24403302,3.375,1.188,81.812,81.812,-0.035,-0.353,0.995,99636.05,34.91,-90.941,-92.535,-19.0162,-0.0600,-0.9100,9.2800,0.0000,0.1250,0.2500,28.8750,-6.1875,26.8750,0.0500,0.0100,-0.4700,-0.1100,-0.9300,9.7600,1,1
1384,461,24503505,3.375,1.188,81.812,81.812,-0.134,0.748,-2.004,99623.05,34.91,-91.085,-92.615,-19.0468,-0.0600,-0.9000,9.3100,0.1250,0.0625,-0.0625,30.0000,-6.1875,27.6875,0.0400,0.0300,-0.4400,-0.1100,-0.9300,9.7600,1,1
1395,465,24613500,3.375,1.188,81.812,81.812,-0.330,-0.880,0.142,99642.27,34.91,-91.196,-92.692,-19.0460,-0.0800,-0.9200,9.3100,0.1250,0.0000,-0.1250,30.0000,-6.1875,27.1875,0.0300,0.0100,-0.4400,-0.1100,-0.9300,9.7600,1,1
1407,469,24732485,3.375,1.188,81.812,81.812,-0.824,-2.086,-3.965,99656.52,34.92,-91.418,-92.793,-19.0961,-0.0900,-0.9200,9.3600,-0.0625,0.1250,0.0625,30.0000,-6.1875,26.8750,0.0400,-0.0100,-0.4200,-0.1100,-0.9300,9.7600,1,1
1419,473,24853707,3.375,1.188,81.812,81.812,-0.582,-0.517,0.755,99637.98,34.91,-91.566,-92.876,-19.0241,-0.1000,-0.9600,9.2900,0.0625,0.0625,0.0000,29.5625,-6.5625,24.3750,0.0100,-0.0200,-0.4600,-0.1100,-0.9300,9.7600,1,1
1431,477,24974050,3.375,1.188,81.812,81.812,-0.528,-0.411,0.864,99636.73,34.91,-91.688,-92.953,-19.0560,-0.0800,-0.9200,9.3200,0.0000,0.0625,0.0000,28.5000,-5.7500,26.0625,0.0300,0.0000,-0.4300,-0.1100,-0.9300,9.7600,1,1
1443,481,25093855,3.375,1.188,81.812,81.812,-0.539,-0.414,0.111,99636.77,34.92,-91.816,-93.030,-19.0660,-0.0800,-0.9200,9.3300,0.0000,0.0000,0.0000,28.8750,-6.5625,26.0625,0.0300,0.0000,-0.4200,-0.1100,-0.9300,9.7600,1,1
1455,485,25214223,3.375,1.188,81.812,81.812,-0.496,-1.214,2.126,99646.22,34.92,-91.887,-93.092,-19.0742,-0.0800,-0.9500,9.3400,0.0000,-0.0625,0.0000,29.5625,-6.1875,26.0625,0.0200,-0.0100,-0.4100,-0.1100,-0.9300,9.7600,1,1
1467,489,25333489,3.375,1.188,81.812,81.812,-0.212,0.285,1.290,99628.52,34.92,-91.966,-93.155,-19.0562,-0.0600,-0.9100,9.3200,0.0000,-0.1875,0.1250,29.5625,-6.5625,26.3750,0.0200,0.0000,-0.4400,-0.1100,-0.9300,9.7600,1,1
1479,493,25454512,3.375,1.188,81.812,81.812,-0.673,-1.432,-2.502,99648.79,34.92,-92.115,-93.230,-19.0556,-0.0600,-0.9200,9.3200,0.0625,0.0000,-0.0625,30.0000,-7.2500,26.3750,0.0500,0.0000,-0.4300,-0.1100,-0.9300,9.7600,1,1
1489,496,25554492,3.375,1.188,81.812,81.812,-0.547,0.436,-1.508,99626.73,34.91,-92.228,-93.290,-19.0258,-0.0700,-0.9200,9.2900,-0.1250,-0.0625,0.0000,29.1875,-6.5625,25.1875,0.0400,0.0000,-0.4600,-0.1100,-0.9300,9.7600,1,1
1500,500,25664594,3.375,1.188,81.812,81.812,-0.470,-1.627,3.419,99651.09,34.92,-92.238,-93.332,-19.0562,-0.0900,-0.9200,9.3200,0.0625,-0.0625,-0.1250,29.5625,-6.1875,26.3750,0.0200,0.0000,-0.4300,-0.1100,-0.9300,9.7600,1,1
1510,503,25764698,3.375,1.188,81.812,81.812,-0.580,0.089,-2.961,99630.83,34.92,-92.393,-93.398,-18.9587,-0.0300,-1.0300,9.2300,0.0000,-0.1250,-0.1250,30.0000,-5.5000,26.0625,0.0700,-0.0900,-0.5200,-0.1100,-0.9300,9.7600,1,1
1521,507,25874993,3.375,1.188,81.812,81.812,-0.278,0.883,2.817,99621.45,34.92,-92.428,-93.439,-18.9521,-0.0800,-0.9900,9.2200,0.0000,-0.1250,-0.0625,29.5625,-5.7500,26.0625,0.0200,-0.0500,-0.5300,-0.1100,-0.9300,9.7600,1,1
1533,511,25994850,3.375,1.188,81.812,81.812,-0.189,-0.291,0.624,99635.31,34.92,-92.441,-93.483,-18.9642,-0.0700,-0.9500,9.2300,-0.0625,0.1875,0.0625,30.0000,-5.5000,25.1875,0.0400,-0.0100,-0.5200,-0.1100,-0.9300,9.7600,1,1
1545,515,26115123,3.375,1.188,81.812,81.812,-0.212,0.549,-1.251,99625.39,34.93,-92.535,-93.540,-19.0658,-0.0700,-0.9200,9.3300,-0.1250,0.1250,0.0000,29.1875,-6.1875,25.5625,0.0300,0.0000,-0.4200,-0.1100,-0.9300,9.7600,1,1
1557,519,26234483,3.375,1.188,81.812,81.812,-0.526,-1.510,-0.899,99649.71,34.92,-92.613,-93.591,-19.0448,-0.0800,-0.9400,9.3100,-0.0625,-0.0625,0.0000,29.1875,-6.5625,26.0625,0.0300,0.0000,-0.4500,-0.1100,-0.9300,9.7600,1,1
1569,523,26355299,3.375,1.188,81.812,81.812,-0.237,0.389,1.501,99627.29,34.92,-92.678,-93.639,-19.0344,-0.0600,-0.9400,9.3000,0.0625,0.3125,0.0000,29.1875,-6.5625,26.0625,0.0400,-0.0100,-0.4500,-0.1100,-0.9300,9.7600,1,1
1581,527,26475694,3.375,1.188,81.812,81.812,-0.482,-0.638,-1.754,99639.41,34.93,-92.770,-93.692,-19.0466,-0.0800,-0.9100,9.3100,0.0625,0.1875,0.0625,28.8750,-5.7500,26.3750,0.0300,0.0100,-0.4400,-0.1100,-0.9300,9.7600,1,1
1593,531,26595447,3.375,1.188,81.812,81.812,-0.708,-1.434,-1.029,99648.81,34.92,-92.879,-93.747,-19.0544,-0.0600,-0.9400,9.3200,0.0625,0.0625,-0.1250,30.2500,-5.7500,26.3750,0.0300,0.0000,-0.4200,-0.1100,-0.9300,9.7600,1,1
1605,535,26715689,3.375,1.188,81.812,81.812,-0.469,0.250,0.785,99628.92,34.93,-92.960,-93.793,-19.0341,-0.0700,-0.9500,9.3000,0.0000,0.0000,0.1250,29.5625,-5.7500,26.8750,0.0400,-0.0100,-0.4500,-0.1100,-0.9300,9.7600,1,1
1617,539,26834465,3.375,1.188,81.812,81.812,-0.424,-0.631,1.460,99639.33,34.91,-92.982,-93.829,-19.0560,-0.0800,-0.9200,9.3200,0.0000,-0.0625,0.0000,29.5625,-6.5625,25.5625,0.0200,0.0100,-0.4200,-0.1100,-0.9300,9.7600,1,1
1629,543,26955861,3.375,1.188,81.812,81.812,-0.136,1.222,0.164,99617.45,34.93,-93.028,-93.869,-19.0071,0.0400,-0.8600,9.2700,0.2500,0.1250,0.1875,28.5000,-7.0000,26.0625,0.1600,0.0700,-0.4800,-0.1100,-0.9300,9.7600,1,1
1641,547,27076365,3.375,1.188,81.812,81.812,-0.218,-0.423,0.078,99636.88,34.93,-93.037,-93.898,-19.0669,-0.0700,-0.9000,9.3300,0.0000,-0.0625,0.0000,29.1875,-7.0000,26.0625,0.0400,0.0300,-0.4200,-0.1100,-0.9300,9.7600,1,1
1653,551,27196046,3.375,1.188,81.812,81.812,-0.492,-1.354,-1.607,99647.87,34.93,-93.119,-93.943,-19.0550,-0.0600,-0.9300,9.3200,-0.0625,-0.2500,0.0000,29.1875,-5.5000,26.3750,0.0500,0.0000,-0.4300,-0.1100,-0.9300,9.7600,1,1
1665,555,27316304,3.375,1.188,81.812,81.812,-0.520,-0.134,-1.195,99633.45,34.93,-93.230,-93.991,-19.0446,-0.0700,-0.9400,9.3100,-0.1875,0.0000,-0.0625,29.5625,-6.5625,27.1875,0.0300,-0.0100,-0.4400,-0.1100,-0.9300,9.7600,1,1
1677,559,27435454,3.375,1.188,81.812,81.812,-0.708,-1.297,-0.411,99647.20,34.92,-93.301,-94.031,-19.0867,-0.0600,-0.9000,9.3500,-0.0625,-0.1250,0.1250,29.5625,-6.1875,26.0625,0.0100,0.0000,-0.4000,-0.1100,-0.9300,9.7600,1,1
1689,563,27553466,3.625,1.000,81.791,81.750,-0.415,0.719,1.009,99623.38,34.92,-93.368,-94.077,-19.2626,-0.2200,-0.7500,9.5200,1.8125,-4.6875,0.2500,28.8750,-6.1875,25.5625,-0.1400,0.1400,-0.2300,-0.0700,-0.9000,9.7600,1,1
1701,567,27676875,3.375,1.188,81.791,81.812,-0.140,0.046,2.263,99631.34,34.94,-93.316,-94.082,-19.0024,-0.0700,-0.9800,9.2700,0.1875,-0.1875,0.0000,30.2500,-5.8750,26.3750,0.0300,-0.0500,-0.4900,-0.1100,-0.9300,9.7600,1,1
1713,571,27794476,3.562,1.000,81.768,81.688,-0.465,-1.222,-1.072,99646.31,34.93,-93.376,-94.114,-19.0660,-0.0900,-1.0100,9.3400,0.1250,-2.5625,-0.6875,29.1875,-6.6875,26.8750,0.1800,0.0600,-0.5000,-0.0700,-0.9000,9.7600,1,1
1725,575,27916861,3.500,0.938,81.716,81.750,-0.523,-0.000,-1.517,99631.88,34.94,-93.480,-94.159,-19.0432,0.2700,-0.9900,9.3200,0.4375,1.0625,-1.6875,29.5625,-6.2500,26.0625,0.3700,-0.0900,-0.4300,-0.0900,-0.8900,9.7600,1,1
1737,579,28036492,3.875,1.062,83.704,87.438,-0.329,-0.873,2.855,99642.19,34.93,-93.448,-94.175,-19.1692,-1.6700,-0.6700,9.4000,-1.0625,0.5625,-65.1875,29.5625,-6.2500,25.1875,-1.0100,-0.7800,-0.4600,-0.0200,-0.9100,9.7600,1,1
1749,583,28157123,4.125,1.062,88.587,91.500,-0.321,0.795,-1.813,99622.48,34.92,-93.545,-94.210,-18.9754,-0.1800,-0.9600,9.2600,0.5000,0.3750,-16.5000,30.0000,-1.8750,25.1875,-0.2100,-0.0500,-0.4900,0.0300,-0.9100,9.7600,1,1
1761,587,28277496,4.375,1.000,92.265,95.188,-0.365,-1.158,1.305,99645.55,34.93,-93.528,-94.227,-19.0263,0.0000,-0.8100,9.3100,-0.2500,0.6875,-38.9375,31.0625,-0.7500,24.7500,-0.0600,0.0900,-0.4500,0.0600,-0.9000,9.7600,1,1
1773,591,28397203,4.688,1.000,96.746,99.750,-0.212,-1.169,1.986,99645.69,34.94,-93.508,-94.240,-19.0275,-0.0800,-0.7100,9.3100,-0.4375,-0.0625,-14.2500,30.0000,1.3750,25.5625,-0.2000,0.1800,-0.4500,0.1200,-0.9000,9.7600,1,1
1783,594,28495657,4.688,1.000,98.847,100.125,-0.381,-0.389,-2.537,99636.47,34.94,-93.595,-94.271,-19.0114,-0.0500,-0.9000,9.3100,-0.0625,-0.1875,-3.5000,29.1875,3.2500,25.5625,-0.2000,0.0000,-0.4300,0.1100,-0.9000,9.7600,1,1
1794,598,28607418,4.562,1.000,99.935,100.562,-0.191,1.392,-0.374,99615.45,34.94,-93.640,-94.293,-18.9882,-0.0900,-0.8700,9.2800,0.2500,0.0000,0.1250,30.0000,4.3750,25.5625,-0.1900,0.0100,-0.4600,0.1000,-0.9000,9.7600,1,1
1804,601,28707396,4.500,1.000,100.344,100.562,-0.150,0.476,2.166,99626.26,34.93,-93.612,-94.302,-19.0103,-0.0700,-0.8600,9.3000,-0.3750,-0.5625,1.0625,30.6875,2.8750,26.3750,-0.1000,0.0000,-0.4300,0.0900,-0.9000,9.7600,1,1
1816,605,28827876,4.438,1.000,100.312,100.250,-0.247,-0.216,-0.094,99634.43,34.91,-93.629,-94.321,-19.0529,-0.0800,-0.8500,9.3400,0.0000,-0.0625,0.0625,30.0000,2.5625,26.0625,-0.1600,0.0500,-0.4200,0.0800,-0.9000,9.7600,1,1
1828,609,28946521,4.375,1.000,100.267,100.250,-0.301,-0.396,0.178,99636.55,34.93,-93.654,-94.342,-19.0434,-0.0100,-0.8500,9.3300,0.0000,-0.1250,1.3125,28.8750,2.8750,24.3750,0.0000,0.0700,-0.4500,0.0700,-0.9000,9.7600,1,1
1840,613,29067874,4.000,0.938,98.917,96.125,0.002,0.344,2.308,99627.81,34.92,-93.617,-94.348,-19.0332,-0.0100,-0.5700,9.2900,1.3125,-0.8125,82.0000,29.5625,2.8750,25.5625,-0.0200,0.3100,-0.4600,0.0000,-0.8900,9.7600,1,1
1852,617,29187465,2.812,0.500,91.365,82.812,-0.229,0.177,-2.360,99629.79,34.93,-93.680,-94.383,-19.0917,-0.7000,-0.6000,9.3200,3.5625,2.6250,148.1875,30.0000,-0.3750,25.5625,0.1800,-0.1800,-0.3600,-0.2000,-0.8100,9.7700,1,1
1864,621,29308329,2.125,0.188,81.482,74.812,-0.470,-0.713,-1.302,99640.30,34.94,-93.742,-94.408,-19.0514,-0.0200,-0.5100,9.2700,0.9375,0.1250,66.5000,28.1875,-8.5625,25.5625,0.2900,0.2500,-0.4900,-0.3200,-0.7600,9.7700,1,1
1876,625,29428495,1.875,0.062,74.062,68.875,-0.040,0.517,2.845,99625.77,34.95,-93.704,-94.422,-19.1262,0.1900,-0.7700,9.3500,0.1875,-0.2500,58.3125,28.1875,-11.5000,25.5625,0.5600,-0.0300,-0.4100,-0.3700,-0.7400,9.7700,1,1
1888,629,29547570,1.250,-0.312,68.269,63.812,0.064,0.261,1.355,99628.79,34.93,-93.670,-94.437,-19.1635,-0.3300,-1.3300,9.3900,1.6250,2.5000,66.8750,27.7500,-14.0625,26.0625,1.0400,0.1500,-0.4700,-0.4700,-0.6700,9.7700,1,1
1900,633,29668596,0.688,-0.812,62.726,58.500,-0.010,0.043,-0.922,99631.37,34.94,-93.679,-94.462,-19.1052,-0.2200,-0.5600,9.3100,1.1250,1.4375,54.6875,25.1875,-15.5625,24.7500,0.3400,0.0300,-0.4500,-0.5700,-0.5900,9.7700,1,1
1910,636,29768434,0.562,-1.000,58.142,54.250,-0.425,-1.081,-2.750,99644.64,34.94,-93.769,-94.499,-19.1127,-0.2600,-0.7700,9.3200,-0.0625,0.6875,34.0000,24.3750,-18.5625,24.7500,0.4800,-0.2800,-0.4500,-0.5900,-0.5600,9.7700,1,1
1921,640,29878879,0.750,-1.062,54.291,51.688,-0.336,0.526,-1.222,99625.66,34.93,-93.837,-94.530,-19.0251,-0.3600,-0.1900,9.2300,0.3750,-3.9375,7.5625,21.7500,-19.5625,24.3750,0.2000,0.3500,-0.5400,-0.5600,-0.5400,9.7700,1,1
1933,644,29998219,1.000,-0.875,52.429,51.750,-0.213,0.593,1.570,99624.87,34.94,-93.838,-94.549,-19.1106,-0.1100,-0.6800,9.3200,-0.6875,-1.0000,2.2500,23.6875,-19.5625,25.1875,0.3900,-0.1800,-0.4400,-0.5100,-0.5700,9.7700,1,1
1945,648,30118853,1.312,-0.750,51.901,51.688,-0.419,-0.903,0.202,99642.54,34.94,-93.862,-94.574,-19.0943,-0.1300,-0.7600,9.3100,-0.0625,-0.0625,-0.0625,22.5625,-20.0000,25.5625,0.3200,-0.1500,-0.4600,-0.4600,-0.6000,9.7700,1,1
1957,652,30238480,1.562,-0.562,52.014,52.375,-0.595,-0.853,-2.476,99641.95,34.95,-93.955,-94.609,-19.0275,-0.0700,-0.9000,9.2500,-0.4375,-0.4375,-6.3750,23.6875,-18.8750,25.1875,0.3100,-0.1700,-0.3400,-0.4100,-0.6400,9.7700,1,1
1969,656,30359307,2.250,0.062,53.668,56.438,-0.503,0.761,-0.280,99622.88,34.93,-94.040,-94.639,-19.0456,-0.7500,-0.1200,9.2500,-0.5000,-0.1250,-60.8750,24.0000,-18.8750,24.7500,-0.4500,0.6100,-0.5100,-0.3000,-0.7400,9.7700,1,1
1981,660,30479510,2.250,0.000,56.182,57.250,-0.399,-1.323,2.639,99647.50,34.93,-93.984,-94.642,-19.0457,-0.0700,-0.8600,9.2800,-0.3750,-0.5000,0.0000,25.1875,-18.1875,24.3750,0.2200,-0.1300,-0.4800,-0.3000,-0.7200,9.7700,1,1
1993,664,30597847,2.438,0.125,57.034,57.375,-0.258,-0.185,0.815,99634.06,34.94,-94.011,-94.661,-19.0905,-0.0700,-0.8900,9.3300,0.5000,0.3750,-0.4375,24.7500,-18.1875,24.3750,0.1600,-0.0300,-0.4000,-0.2700,-0.7500,9.7700,1,1
2005,668,30719712,2.500,0.125,57.307,57.375,-0.340,-0.107,-1.421,99633.15,34.95,-94.055,-94.684,-19.0717,-0.0700,-0.8300,9.3100,-0.1875,-0.1250,-0.6250,24.3750,-18.5625,24.3750,0.1800,-0.0800,-0.4600,-0.2600,-0.7500,9.7700,1,1
2017,672,30838468,2.562,0.188,57.650,57.938,-0.442,-1.087,-0.093,99644.72,34.96,-94.079,-94.702,-19.0900,-0.1000,-0.8400,9.3300,-0.0625,-0.1875,-4.6250,25.1875,-18.1875,23.1875,0.1400,-0.0700,-0.4400,-0.2400,-0.7600,9.7700,1,1
2029,676,30959570,2.625,0.250,57.934,58.000,-0.341,-0.867,1.381,99642.11,34.95,-94.086,-94.716,-19.0995,-0.0700,-0.8200,9.3400,-0.1250,-0.3125,-0.1250,24.0000,-18.1875,23.5625,0.1400,-0.0900,-0.4500,-0.2300,-0.7700,9.7700,1,1
2041,680,31080099,3.062,0.500,58.234,58.875,-0.484,-0.624,-2.536,99639.25,34.96,-94.158,-94.746,-19.1087,-0.3200,-0.8800,9.3600,-5.2500,-10.5625,-20.3750,25.5000,-17.3750,24.0000,-0.1600,-0.0700,-0.4000,-0.1600,-0.8100,9.7700,1,1
2053,684,31200049,6.938,0.625,59.239,59.750,-0.401,0.671,0.278,99623.95,34.94,-94.214,-94.779,-18.9105,0.7200,-0.5800,9.2500,0.1250,-49.6875,-4.7500,25.8750,-17.7500,22.7500,0.2100,0.2500,-0.5000,0.5000,-0.8300,9.7500,1,1
2065,688,31320121,12.688,0.625,59.426,59.250,-0.269,0.641,0.396,99624.30,34.94,-94.209,-94.742,-18.4402,1.4900,-1.0800,9.1100,1.1875,-50.8125,1.9375,28.1875,-17.0625,21.1875,0.0000,-0.2500,-0.5400,1.4800,-0.8200,9.6500,1,1
2077,692,31439465,17.375,0.625,59.155,58.938,-0.347,-1.129,0.550,99645.22,34.95,-94.179,-94.643,-18.0969,2.3000,-0.8200,8.9700,1.1875,-39.0625,2.7500,30.2500,-17.3750,17.8750,0.0300,-0.0100,-0.5300,2.3300,-0.8100,9.4800,1,1
2089,696,31560416,22.812,0.750,58.494,57.750,-0.346,-0.381,-0.959,99636.38,34.94,-94.197,-94.496,-17.3029,3.5100,-0.7300,8.4900,5.3125,-51.3125,14.3125,30.2500,-17.3750,14.6875,0.3500,0.0700,-0.7500,3.1600,-0.8100,9.2400,1,1
2099,699,31659859,26.062,0.812,57.533,56.875,-0.221,-0.263,1.284,99634.98,34.95,-94.145,-94.292,-16.8222,3.7600,-0.9000,8.3100,-0.8125,-16.5000,-2.1250,31.5000,-17.7500,15.0625,0.2400,-0.0300,-0.7900,3.6800,-0.8100,9.0500,1,1
2110,703,31770488,27.312,0.938,57.430,57.562,-0.267,-0.391,0.218,99636.49,34.95,-94.100,-94.052,-16.6764,4.0100,-0.8200,8.2300,-0.2500,-4.5625,-0.5000,32.1875,-16.6875,13.0000,0.1200,0.0000,-0.7300,3.8800,-0.8100,8.9600,1,1
2122,707,31889465,28.500,1.062,57.594,57.875,-0.458,-0.934,-1.915,99642.91,34.95,-94.061,-93.782,-16.4910,4.1400,-0.8200,8.1400,-3.5000,5.8125,-7.2500,31.7500,-17.0625,13.0000,0.0700,0.0000,-0.7300,4.0600,-0.8200,8.8800,1,1
2134,711,32010648,25.250,1.000,58.046,58.375,-0.551,-1.493,0.277,99649.52,34.95,-93.975,-93.517,-16.9850,3.6600,-0.8300,8.4000,-1.6250,40.1875,-3.4375,33.0000,-16.6875,13.8750,0.0300,-0.0400,-0.6800,3.5600,-0.8300,9.0900,1,1
2146,715,32131072,20.000,0.875,58.631,59.188,-0.544,-0.285,-1.420,99635.24,34.97,-93.925,-93.345,-17.5824,2.8700,-0.9000,8.6500,-2.9375,51.5625,-9.1875,30.6875,-17.3750,14.2500,0.1600,-0.0600,-0.7300,2.7100,-0.8400,9.3800,1,1
2158,719,32250858,12.062,0.750,60.820,63.688,-0.855,-1.441,-1.826,99648.90,34.96,-93.879,-93.256,-18.7013,0.9000,-0.7100,9.2600,-7.5625,81.4375,-47.0625,29.5625,-17.3750,17.8750,-0.4600,0.1300,-0.4100,1.3700,-0.8500,9.6700,1,1
2170,723,32371147,5.938,0.625,63.606,64.750,-0.690,0.364,-0.303,99627.57,34.95,-93.836,-93.272,-18.8980,0.2300,-0.6400,9.2100,1.0000,34.1875,2.2500,28.8750,-14.7500,22.0000,-0.1000,0.1900,-0.5400,0.3400,-0.8300,9.7600,1,1
2182,727,32490487,4.000,0.375,64.297,64.438,-0.599,-1.466,2.812,99649.20,34.95,-93.687,-93.296,-19.1262,0.1900,-1.0900,9.4200,7.4375,8.6875,4.0625,27.7500,-14.7500,24.0000,0.2200,-0.2300,-0.3700,0.0000,-0.7900,9.7700,1,1
2194,731,32611252,3.438,-0.125,64.329,64.375,-0.464,-0.861,0.718,99642.05,34.93,-93.602,-93.318,-18.9363,-0.2800,-0.7200,9.1900,0.3750,0.6250,2.0625,27.0000,-13.3750,24.3750,-0.1700,-0.0100,-0.5800,-0.1000,-0.7000,9.7800,1,1
2206,735,32731664,3.312,-0.125,64.159,64.000,-0.369,-0.658,1.443,99639.64,34.97,-93.512,-93.348,-19.0141,-0.1300,-0.8100,9.2700,-0.0625,-0.1250,0.6250,26.6875,-14.0625,24.0000,-0.0200,-0.1000,-0.5000,-0.1100,-0.7000,9.7800,1,1
2218,739,32850553,3.312,-0.125,64.045,64.000,-0.644,-1.432,-1.590,99648.79,34.95,-93.498,-93.388,-19.0701,-0.2200,-0.7000,9.3200,-0.0625,-0.1875,-0.0625,26.2500,-15.1875,24.7500,-0.0900,0.0000,-0.4300,-0.1200,-0.7100,9.7800,1,1
2230,743,32971689,3.312,-0.125,63.996,63.938,-0.895,-1.812,-1.803,99653.28,34.95,-93.526,-93.436,-19.0790,-0.2000,-0.7200,9.3300,-0.1875,-0.3125,-0.0625,27.0000,-15.8750,24.3750,-0.0700,-0.0100,-0.4400,-0.1200,-0.7100,9.7700,1,1
2242,747,33090470,3.250,-0.125,63.954,63.938,-0.516,0.606,1.997,99624.72,34.97,-93.504,-93.473,-19.0609,-0.2200,-0.7100,9.3100,-0.0625,-0.1875,-0.0625,25.8750,-15.1875,24.3750,-0.0800,0.0000,-0.4600,-0.1300,-0.7100,9.7700,1,1
2254,751,33211873,3.250,-0.125,63.949,64.062,-0.494,0.123,-0.156,99630.42,34.96,-93.461,-93.506,-19.0531,-0.2500,-0.6700,9.3000,0.2500,0.5625,-8.5000,25.5000,-15.1875,22.3750,-0.1200,0.0400,-0.4700,-0.1300,-0.7100,9.7700,1,1
2266,755,33332056,3.438,-0.125,65.148,67.500,-0.377,-0.577,1.682,99638.70,34.96,-93.385,-93.530,-19.1135,-0.0500,-0.7700,9.3700,0.8125,-1.5625,-66.9375,26.6875,-14.7500,24.3750,0.0400,-0.0600,-0.4000,-0.1000,-0.7000,9.7800,1,1
2278,759,33452054,4.688,0.188,71.781,79.438,-0.807,-1.201,-3.424,99646.06,34.96,-93.458,-93.578,-18.7443,-0.1200,-1.1300,9.0600,-9.1250,-12.3750,-133.3750,28.1875,-10.3750,25.5625,-0.2500,-0.3600,-0.7000,0.1200,-0.7600,9.7700,1,1
2290,763,33572305,6.438,0.062,84.469,95.375,-0.717,-0.386,-0.310,99636.44,34.95,-93.483,-93.617,-18.8394,0.0300,-1.8600,9.3000,-2.6875,-3.1875,-150.3750,30.0000,-4.0625,25.1875,-0.3700,-1.1200,-0.4600,0.4100,-0.7400,9.7600,1,1
2302,767,33691483,7.938,-0.750,101.437,116.938,-0.841,-0.706,-0.671,99640.22,34.94,-93.520,-93.634,-18.7634,1.6100,-1.2700,9.2000,1.7500,6.0625,-225.3750,30.6875,3.2500,24.0000,-2.8300,-0.3400,-0.2300,0.6800,-0.6000,9.7600,1,1
2312,770,33791460,8.062,-1.562,116.341,127.188,-0.602,-0.769,1.605,99640.97,34.95,-93.474,-93.646,-18.9838,0.4700,-0.5700,9.3400,1.9375,4.9375,-111.3125,27.3750,12.1875,24.7500,-1.2400,-0.0800,-0.4000,0.6900,-0.4400,9.7700,1,1
2323,774,33902402,8.250,-2.375,129.920,138.312,-0.588,0.635,-1.567,99624.38,34.97,-93.524,-93.664,-18.7982,-0.5000,-0.6600,9.2100,-0.1875,0.0625,-3.8125,22.1875,21.0625,25.1875,-0.6200,0.2100,-0.3900,0.7300,-0.3200,9.7700,1,1
2335,778,34022687,8.500,-3.188,139.669,149.000,-0.618,-1.249,1.739,99646.62,34.96,-93.473,-93.674,-18.6739,0.3100,-2.0600,9.2700,1.6875,3.5000,-144.6875,21.0625,21.5000,24.7500,-0.4600,-1.8800,-0.5000,0.7700,-0.1800,9.7700,1,1
2347,782,34141457,8.812,-3.875,150.464,158.312,-0.731,-0.833,-1.116,99641.71,34.96,-93.521,-93.694,-18.7953,-0.4700,-0.7800,9.2700,-3.1250,-7.3125,-127.7500,14.7500,25.5625,24.0000,-1.0200,-0.8700,-0.5000,0.8300,-0.0500,9.7700,1,1
2359,786,34262843,8.625,-4.250,161.265,169.812,-0.358,-0.958,4.329,99643.19,34.97,-93.420,-93.673,-18.2191,-1.2000,-2.4900,9.0000,-9.4375,6.3125,-81.1875,10.2500,27.6875,24.0000,-2.0000,-2.4900,-0.7700,0.7900,0.0000,9.7700,1,1
2371,790,34383038,8.125,-4.250,168.498,172.438,-0.308,0.060,-0.208,99631.16,34.97,-93.419,-93.680,-18.8562,-0.6000,-0.9700,9.3500,0.3125,-0.5000,-34.5000,5.8750,29.5625,24.0000,-1.3100,-0.9700,-0.4200,0.7000,0.0000,9.7800,1,1
2383,794,34503068,8.125,-4.250,172.096,173.750,-0.167,-0.067,1.193,99632.66,34.96,-93.360,-93.677,-18.8686,-0.4700,-1.0900,9.3700,1.0000,0.5625,-11.6875,4.0000,29.1875,24.3750,-1.1900,-1.1000,-0.4000,0.7100,0.0100,9.7800,1,1
2395,798,34623326,8.000,-4.188,173.569,174.125,-0.147,0.615,-0.275,99624.62,34.96,-93.348,-93.682,-18.8646,-0.1100,-1.0700,9.3300,0.3750,0.2500,1.9375,4.3750,30.0000,23.5625,-0.8000,-1.0500,-0.4400,0.6800,-0.0100,9.7800,1,1
2405,801,34723418,7.125,-3.062,173.499,172.438,-0.160,0.083,1.058,99630.90,34.95,-93.306,-93.688,-19.0007,-0.1600,-0.9000,9.4000,0.4375,-0.3750,57.2500,4.0000,30.0000,22.7500,-0.6900,-0.7000,-0.3800,0.5300,-0.2000,9.7800,1,1
2416,805,34833684,6.875,-2.750,170.831,168.375,-0.482,-0.843,-1.978,99641.83,34.96,-93.349,-93.711,-18.7885,-0.2900,-1.1500,9.2100,0.1875,-0.0625,30.8750,6.6875,30.6875,22.7500,-0.7900,-0.8900,-0.5700,0.4900,-0.2600,9.7900,1,1
2428,809,34953426,5.812,-1.812,167.712,166.000,-0.663,0.682,-3.129,99623.83,34.96,-93.464,-93.759,-19.0139,-1.1900,-1.5000,9.4500,0.6875,0.3125,9.2500,8.5000,30.3750,24.0000,-2.1200,-0.7800,-0.5100,0.3100,-0.4100,9.7900,1,1
2440,813,35073708,5.062,-1.438,163.804,158.625,-0.383,1.048,2.222,99619.50,34.98,-93.429,-93.777,-19.0614,-0.6500,-0.9000,9.3900,-1.9375,2.8125,125.7500,9.1875,29.1875,24.3750,-0.8400,-0.4200,-0.3900,0.1900,-0.4800,9.7900,1,1
2452,817,35192473,4.688,-1.500,151.287,141.250,-0.592,-1.331,0.571,99647.60,34.97,-93.407,-93.802,-19.1672,0.5900,-0.3700,9.4100,2.3750,-5.1875,110.3125,15.1875,25.5625,24.0000,-0.4200,-0.5100,-0.5000,0.1000,-0.4700,9.7900,1,1
2464,821,35313858,4.438,-1.438,134.831,120.812,-0.786,-1.605,-0.841,99650.84,34.97,-93.469,-93.843,-18.9761,-0.2700,-1.4600,9.3200,0.6875,-0.6875,167.0625,23.6875,19.1875,24.7500,-0.3500,-0.9700,-0.4700,0.0800,-0.4800,9.7900,1,1
2476,825,35434154,4.000,-1.500,117.022,105.625,-0.605,-1.048,0.782,99644.26,34.96,-93.476,-93.870,-18.9957,-0.4600,-1.6200,9.3400,1.2500,-0.3750,103.3125,28.1875,8.5000,23.1875,-0.4500,-1.1400,-0.4500,0.0000,-0.4700,9.7900,1,1
2488,829,35554041,3.250,-1.625,100.429,87.938,-0.684,-1.416,-0.598,99648.60,34.97,-93.514,-93.906,-19.0923,-0.8900,-0.7100,9.3700,0.5625,0.0625,116.3750,30.6875,0.3750,24.3750,-0.7600,-0.2500,-0.4100,-0.1300,-0.4500,9.7900,1,1
2500,833,35674317,2.625,-1.938,85.099,74.500,-0.562,-0.911,0.659,99642.64,34.98,-93.529,-93.937,-19.1030,0.1800,-1.4100,9.3700,1.3125,2.3125,103.1875,30.0000,-5.5625,24.0000,0.4200,-1.0100,-0.4100,-0.2300,-0.4000,9.7900,1,1
2510,836,35774486,2.000,-2.438,73.815,64.250,-0.391,-0.074,1.691,99632.75,34.97,-93.523,-93.958,-19.0891,-0.1800,-0.7400,9.3300,10.2500,10.8750,79.2500,27.3750,-12.5625,23.1875,0.1600,-0.4200,-0.4500,-0.3500,-0.3100,9.7900,1,1
2521,840,35884677,1.500,-2.812,64.487,58.562,-0.251,-0.909,2.411,99642.62,34.96,-93.466,-93.974,-19.0981,0.0100,-0.5600,9.3200,-0.1250,0.0000,30.2500,25.8750,-15.1875,24.0000,0.4500,-0.3100,-0.4700,-0.4300,-0.2500,9.7900,1,1
2533,844,36004060,1.562,-2.562,59.506,57.188,-0.508,-0.524,-2.571,99638.06,34.97,-93.549,-94.022,-19.0840,-0.2600,-0.6700,9.3200,-0.5000,-0.4375,-0.1250,24.0000,-18.1875,23.1875,0.0400,-0.2700,-0.5100,-0.4200,-0.2900,9.7900,1,1
2545,848,36124664,2.250,-1.625,57.880,57.250,-0.505,-1.022,-0.369,99643.95,34.98,-93.559,-94.055,-19.9122,1.3400,-2.5600,10.1800,-17.1875,-15.3125,-3.6250,24.3750,-18.5625,23.5625,1.6400,-2.1000,0.3900,-0.3000,-0.4500,9.7900,1,1
2557,852,36244466,3.062,-1.062,60.517,66.125,-0.560,-0.370,-0.619,99636.25,34.99,-93.623,-94.097,-19.1808,-1.2200,-0.3400,9.4300,-0.1250,-0.0625,-114.8125,24.7500,-18.8750,23.1875,-0.1500,-0.3300,-0.5100,-0.1600,-0.5400,9.7800,1,1
2569,856,36365120,3.188,-1.000,66.009,68.312,-0.544,-1.193,1.197,99645.97,34.98,-93.623,-94.121,-19.0404,-0.0900,-0.8800,9.3000,0.1875,0.0625,-1.1250,27.0000,-13.0000,23.1875,0.0400,-0.3100,-0.4800,-0.1400,-0.5600,9.7800,1,1
2581,860,36485511,3.250,-0.688,67.719,68.438,-0.551,-0.767,0.325,99640.94,34.96,-93.665,-94.152,-19.0795,-0.0800,-0.8900,9.3400,0.0000,0.0625,-0.9375,28.5000,-13.0000,24.0000,0.0400,-0.2700,-0.4400,-0.1300,-0.6100,9.7800,1,1
2593,864,36604196,3.312,-0.438,68.326,68.625,-0.157,0.752,2.272,99623.00,34.97,-93.639,-94.170,-19.0483,-0.0700,-0.9000,9.3100,-0.0625,-0.1250,-0.7500,27.7500,-12.5625,23.5625,0.0600,-0.2200,-0.4200,-0.1200,-0.6500,9.7800,1,1
2605,868,36725569,3.688,0.250,71.920,77.688,-0.170,0.386,-0.161,99627.32,34.98,-93.630,-94.175,-18.8833,-0.4600,-0.7200,9.1400,7.1875,-1.2500,-64.4375,27.7500,-12.5625,23.5625,-0.4000,0.0400,-0.6300,-0.0500,-0.7700,9.7700,1,1
2617,872,36844465,3.812,0.125,75.701,77.000,-0.024,-0.757,2.543,99640.82,34.98,-93.550,-94.197,-18.9953,-0.1500,-1.0700,9.2800,2.1875,-1.1875,3.0000,29.1875,-8.8750,23.5625,0.3000,1.2100,-0.1500,-0.0400,-0.7400,9.7700,1,1
2629,876,36965687,4.000,-0.250,76.525,77.062,-0.125,-0.070,-1.379,99632.71,34.97,-93.588,-94.228,-19.2024,0.0000,-0.5900,9.4600,-0.2500,-0.5000,-7.1875,29.1875,-7.3750,23.1875,0.0000,0.0900,-0.3200,0.0000,-0.6900,9.7800,1,1
2641,880,37086087,4.000,0.000,77.251,77.562,-0.297,-1.278,-0.808,99646.97,34.99,-93.594,-94.254,-19.2068,-0.0200,-0.6700,9.4700,1.3125,-0.3750,-0.6875,30.0000,-8.5625,23.5625,-0.0200,0.0500,-0.3000,0.0000,-0.7300,9.7700,1,1
2653,884,37205561,4.000,0.125,77.520,77.750,-0.376,-0.297,-1.672,99635.38,34.97,-93.670,-94.285,-18.9565,-0.0200,-0.9700,9.2400,0.2500,-0.1250,-0.1250,30.0000,-7.0625,22.7500,-0.1000,-0.0500,-0.3400,-0.0100,-0.7500,9.7700,1,1
2665,888,37326115,3.938,0.250,77.591,77.438,-0.301,-0.015,0.617,99632.05,34.99,-93.687,-94.293,-18.7819,-0.0500,-1.3600,9.0900,-1.0000,0.0000,1.5625,29.5625,-8.8750,22.7500,-0.0400,-0.5900,-0.6700,-0.0100,-0.7700,9.7700,1,1
2677,892,37445457,3.750,-0.125,77.424,77.438,-0.379,-0.604,-0.425,99639.02,34.97,-93.715,-94.313,-18.9606,0.2200,-1.0200,9.2400,1.6250,0.5000,0.3125,29.5625,-7.7500,23.5625,-0.4700,0.4800,-0.4300,-0.0400,-0.7100,9.7800,1,1
2689,896,37566333,3.188,-0.562,75.414,76.125,-0.355,-0.239,0.621,99634.70,34.98,-93.743,-94.335,-18.6444,1.1500,0.1900,8.8300,37.9375,51.1250,-227.2500,29.1875,-9.5625,23.5625,1.3000,0.8200,-0.9400,-0.1400,-0.6300,9.7800,1,1
2701,900,37686695,5.625,-0.312,103.151,131.250,-0.284,-0.005,0.332,99631.93,34.98,-93.757,-94.327,-19.0742,1.3900,-1.2700,9.4300,-0.5000,-2.3125,-326.0000,30.0000,3.6875,26.0625,1.1100,-0.6000,-0.3400,0.2700,-0.6700,9.7700,1,1
2713,904,37806249,7.562,-2.562,136.862,154.875,-0.297,0.545,-0.415,99625.44,34.99,-93.799,-94.367,-18.9044,-0.2300,-0.8500,9.3100,0.0625,1.2500,0.1875,14.0625,26.3750,24.0000,-0.8400,-0.5300,-0.4500,0.6100,-0.2900,9.7800,1,1
2725,908,37926686,6.688,-1.812,149.718,154.750,-0.251,-0.539,0.239,99638.25,34.98,-93.767,-94.363,-18.9446,-0.2200,-0.9200,9.3200,0.8125,3.5000,0.6875,13.7500,27.1875,23.1875,-0.6900,-0.4900,-0.4600,0.4600,-0.4200,9.7800,1,1
2737,912,38046458,5.500,-1.125,153.356,154.875,-0.259,-1.202,0.852,99646.07,34.98,-93.753,-94.369,-19.0222,-0.2700,-0.8800,9.3500,0.1250,-0.0625,-3.5625,14.5000,27.7500,25.1875,-0.5400,-0.3200,-0.4600,0.2600,-0.5400,9.7800,1,1
2749,916,38166846,4.875,-0.625,154.613,155.125,-0.074,0.472,0.438,99626.30,34.97,-93.765,-94.382,-19.0212,-0.2200,-0.8100,9.3200,0.1250,0.4375,-0.1250,13.3750,27.5000,24.7500,-0.3800,-0.1800,-0.4600,0.1500,-0.6200,9.7800,1,1
2761,920,38287309,4.500,-0.375,154.980,155.125,-0.347,-0.355,-2.382,99636.07,35.00,-93.812,-94.405,-19.0496,-0.2100,-0.8500,9.3400,-0.1250,0.0000,0.0625,13.0625,26.3750,23.5625,-0.3000,-0.1800,-0.4300,0.0900,-0.6700,9.7800,1,1
2773,924,38406611,4.250,-0.188,155.084,155.125,-0.276,0.155,-0.115,99630.05,34.98,-93.834,-94.423,-19.0450,-0.2200,-0.8800,9.3300,-0.0625,0.3125,0.0000,12.2500,26.0000,23.5625,-0.2800,-0.1500,-0.4500,0.0400,-0.7000,9.7800,1,1
2785,928,38527301,4.062,-0.062,155.097,155.062,-0.351,-1.375,-0.036,99648.11,34.98,-93.821,-94.436,-19.0342,-0.2400,-0.8300,9.3100,0.0625,-0.0625,0.6875,13.7500,26.7500,23.1875,-0.2600,-0.1100,-0.4600,0.0100,-0.7200,9.7700,1,1
2795,931,38627505,3.938,0.062,155.025,154.938,-0.438,-0.157,-0.362,99633.73,34.98,-93.891,-94.462,-19.0159,-0.2400,-0.8600,9.2900,-0.1250,0.6875,0.3125,13.7500,26.3750,22.7500,-0.2300,-0.1200,-0.4700,-0.0100,-0.7400,9.7700,1,1
2806,935,38737882,3.812,0.125,154.965,154.938,-0.372,0.252,-0.290,99628.91,34.99,-93.925,-94.482,-19.0713,-0.2400,-0.8300,9.3400,-0.2500,0.3750,0.5625,13.3750,26.7500,22.7500,-0.2000,-0.0800,-0.4300,-0.0300,-0.7500,9.7700,1,1
2819,939,38867306,3.625,0.188,154.652,153.750,0.117,0.795,3.993,99622.49,34.98,-93.821,-94.479,-19.0603,-0.1300,-0.7600,9.3200,0.2500,-0.1875,48.7500,13.3750,27.1875,24.7500,-0.0700,-0.9700,-0.4900,-0.0600,-0.7600,9.7700,1,1
2829,942,38964481,1.438,-0.875,141.320,117.562,-0.061,-1.108,1.282,99644.96,34.97,-93.800,-94.487,-18.9317,-1.4600,-1.9400,9.2000,-0.9375,-5.3125,605.2500,19.6875,23.0000,24.7500,-1.0200,-1.3600,-0.5700,-0.4300,-0.5800,9.7700,1,1
2842,946,39088438,-0.062,-3.688,95.897,71.438,-0.047,-0.722,1.257,99640.40,34.95,-93.786,-94.507,-19.1152,0.2700,-0.3900,9.3100,1.6250,-1.1875,188.1250,29.0000,-5.5000,23.1875,0.9700,-0.2900,-0.4600,-0.6900,-0.1000,9.7800,1,1
2852,949,39186764,-0.062,-4.375,75.337,61.375,-0.129,0.012,-2.281,99631.73,34.96,-93.836,-94.534,-19.2064,0.2200,-0.3900,9.4100,-0.0625,0.1250,47.6875,27.0625,-13.2500,24.0000,0.6100,-0.8300,-0.5500,-0.6900,0.0200,9.7800,1,1
2863,952,39288495,0.312,-4.125,65.102,60.312,-0.271,-0.323,-1.401,99635.69,34.96,-93.883,-94.559,-19.0355,-0.1700,-0.8700,9.2700,0.0625,0.0000,0.0000,25.5000,-15.7500,24.3750,0.4600,-0.8400,-0.5100,-0.6400,-0.0200,9.7800,1,1
2874,956,39397465,1.125,-2.688,61.848,60.375,-0.296,-0.213,-0.638,99634.39,34.96,-93.917,-94.579,-19.0103,-0.1200,-0.9600,9.2400,0.0000,0.0000,0.1250,25.1875,-16.1875,23.5625,0.4100,-0.6100,-0.4300,-0.4900,-0.2700,9.7900,1,1
2885,959,39501222,1.562,-1.938,60.837,60.375,-0.334,-0.419,0.439,99636.83,34.96,-93.949,-94.601,-19.0912,-0.1200,-0.8300,9.3200,-0.0625,0.0625,-0.0625,25.5000,-15.5000,23.5625,0.2900,-0.4300,-0.4600,-0.4200,-0.4000,9.7800,1,1
2897,963,39618399,1.875,-1.375,60.526,60.375,-0.161,0.982,-0.111,99620.27,34.97,-93.980,-94.621,-19.0773,-0.1600,-0.8500,9.3100,0.1875,0.0625,0.0000,25.8750,-17.0000,24.3750,0.2300,-0.3400,-0.4800,-0.3600,-0.4900,9.7800,1,1
2909,967,39738880,2.125,-1.000,60.375,60.250,-0.325,-1.290,0.571,99647.12,34.96,-93.955,-94.631,-19.0947,-0.1300,-0.8600,9.3300,0.0000,-0.0625,0.0625,25.5000,-17.6875,24.0000,0.1900,-0.3000,-0.4400,-0.3300,-0.5500,9.7800,1,1
2921,971,39857580,2.250,-0.750,60.285,60.250,-0.342,-1.062,0.328,99644.41,34.97,-93.984,-94.652,-19.0935,-0.1400,-0.8500,9.3300,0.0625,-0.1250,0.0000,25.5000,-16.5625,24.0000,0.1500,-0.2300,-0.4600,-0.3000,-0.6000,9.7800,1,1
2933,975,39978896,2.375,-0.562,60.266,60.312,-0.538,-0.695,-2.207,99640.08,34.98,-94.077,-94.684,-19.0815,-0.1100,-0.8600,9.3200,0.0625,-0.1250,0.0625,25.8750,-16.5625,24.0000,0.1700,-0.2200,-0.4500,-0.2800,-0.6400,9.7800,1,1
2945,979,40098458,2.375,-0.438,60.029,59.625,-0.720,-0.955,-1.472,99643.16,34.98,-94.163,-94.715,-19.0881,-0.1100,-0.7100,9.3200,0.9375,0.6250,7.1875,25.5000,-16.5625,24.7500,0.1700,-0.0500,-0.4500,-0.2800,-0.6600,9.7800,1,1
2957,983,40219050,2.375,-0.438,59.625,59.500,-0.901,-0.989,-1.624,99643.56,35.00,-94.269,-94.748,-19.0711,-0.1100,-0.8800,9.3100,0.5000,0.5000,-0.0625,26.2500,-17.0000,23.1875,0.1700,-0.2200,-0.4600,-0.2800,-0.6600,9.7800,1,1
2969,987,40339490,2.438,-0.375,59.535,59.500,-0.673,-0.975,1.682,99643.39,35.00,-94.279,-94.760,-18.9778,0.3400,-1.0000,9.2200,-1.2500,-0.8750,-0.1250,25.5000,-17.0000,23.5625,0.6200,-0.3200,-0.5500,-0.2700,-0.6700,9.7700,1,1
2981,991,40459228,3.562,0.062,63.882,72.750,-0.368,-0.171,3.040,99633.90,34.99,-94.260,-94.767,-19.0691,0.3300,-0.6300,9.3200,-5.6875,-8.0000,-228.4375,24.3750,-15.0625,24.0000,0.4200,0.1000,-0.4500,-0.0800,-0.7300,9.7700,1,1
2993,995,40576012,5.812,-0.250,84.044,101.688,-0.530,-0.582,-1.040,99638.76,34.99,-94.305,-94.776,-19.2489,-9.0900,-0.5800,9.5900,1.1875,2.6250,-269.8125,30.6875,-4.2500,23.1875,-9.4100,0.1000,-0.1800,0.3400,-0.6800,9.7700,1,1
3005,999,40698481,7.812,-1.812,110.787,136.875,-0.439,-0.639,1.201,99639.42,34.99,-94.301,-94.761,-18.6607,0.0400,-3.5700,9.4300,-3.7500,11.4375,-431.8125,30.0000,7.7500,21.5625,-1.4100,-1.3700,-0.5600,0.6600,-0.4200,9.7700,1,1
3015,1002,40797468,7.938,-3.188,140.603,162.312,-0.331,0.073,0.522,99631.02,34.98,-94.302,-94.746,-18.9251,-0.5600,-0.7000,9.3500,-0.7500,-0.5625,-33.2500,19.5625,23.0000,22.7500,-1.2300,-0.5200,-0.4200,0.6700,-0.1800,9.7800,1,1
3027,1006,40919853,7.062,-2.312,156.718,163.250,-0.573,-0.271,-1.907,99635.08,34.97,-94.360,-94.746,-18.8735,-0.2500,-1.1800,9.3000,-0.5625,0.3750,-1.0000,9.2500,29.2500,23.1875,-0.7800,-0.8400,-0.4800,0.5300,-0.3400,9.7800,1,1
3039,1010,41040302,5.625,-1.125,161.460,163.312,-0.306,-0.234,2.007,99634.64,34.99,-94.314,-94.735,-19.0034,-0.2700,-0.9300,9.3400,-0.1875,0.1875,-0.1250,9.2500,29.6875,24.0000,-0.5500,-0.3800,-0.4400,0.2800,-0.5400,9.7800,1,1
3051,1014,41159020,5.250,-0.812,162.996,163.812,-0.055,0.839,1.163,99621.97,34.99,-94.282,-94.731,-19.0284,-0.0900,-0.8400,9.3400,-0.6250,0.0000,-9.2500,8.8750,29.2500,23.1875,-0.5200,-0.3700,-0.4600,0.2200,-0.5900,9.7800,1,1
3063,1018,41280301,4.562,-0.188,163.901,164.375,-0.137,-0.662,0.783,99639.70,34.98,-94.229,-94.724,-19.0206,-0.2800,-0.9500,9.3200,-0.0625,-0.0625,-1.2500,8.8750,29.6875,24.7500,-0.3800,-0.2500,-0.4500,0.1000,-0.7000,9.7800,1,1
3075,1022,41399453,4.250,0.062,164.312,164.625,0.108,0.951,0.669,99620.64,34.99,-94.199,-94.723,-19.0144,-0.4100,-1.0400,9.3100,0.0625,-0.0625,-7.4375,8.8750,29.2500,23.5625,-0.4600,-0.2900,-0.4500,0.0300,-0.7500,9.7700,1,1
3087,1026,41520419,3.875,0.438,164.626,164.750,-0.185,-1.216,-0.180,99646.24,34.99,-94.165,-94.722,-19.0966,-0.3200,-0.9000,9.3700,-0.0625,-0.0625,0.3750,8.8750,30.0625,22.7500,-0.2200,-0.1800,-0.4100,-0.0200,-0.8100,9.7700,1,1
3099,1030,41640877,3.938,0.438,165.092,166.438,-0.046,-0.393,0.406,99636.52,34.99,-94.145,-94.723,-18.9365,1.8600,-0.6400,9.2100,1.1250,0.6875,-57.4375,8.2500,30.0625,23.5625,1.8800,0.1600,-0.5500,-0.0100,-0.8100,9.7700,1,1
3109,1033,41741048,4.438,0.438,169.080,173.312,-0.106,-0.384,-0.121,99636.41,35.00,-94.149,-94.724,-18.8980,-0.7600,-1.1200,9.2000,1.1875,3.5625,-39.2500,7.8750,31.1875,22.7500,-0.8400,-0.3100,-0.5600,0.0800,-0.8000,9.7700,1,1
3120,1037,41850477,4.750,0.375,174.455,179.062,-0.026,-0.065,0.431,99632.64,34.98,-94.125,-94.729,-19.2024,-0.4000,0.4300,9.3900,-0.2500,1.0000,-70.9375,2.2500,31.5625,22.0000,-0.1800,-0.0700,-0.3700,0.1300,-0.7900,9.7700,1,1
3132,1041,41971114,5.938,0.438,-176.398,192.000,-0.520,-1.222,-3.478,99646.31,35.01,-94.210,-94.749,-19.0540,-0.9500,-0.9600,9.3900,-8.8125,16.8125,-119.4375,-2.8750,31.1875,22.3750,-1.2800,-0.1500,-0.3600,0.3300,-0.8000,9.7600,1,1
3144,1045,42091524,5.875,-0.062,-167.651,196.625,-0.333,-0.246,0.731,99634.79,35.00,-94.223,-94.751,-19.4170,-1.6200,-0.7500,9.7400,2.2500,4.2500,-16.1250,-10.2500,30.5000,21.5625,-1.9500,-0.0300,-0.0200,0.3300,-0.7200,9.7700,1,1
3156,1049,42211203,6.188,-0.375,-161.658,203.000,-0.133,-0.637,2.497,99639.40,34.99,-94.162,-94.746,-18.9069,-0.3800,-1.5100,9.3200,0.8125,0.1875,-34.5000,-10.6875,30.0625,21.5625,-0.7600,-0.8500,-0.4400,0.3700,-0.6600,9.7700,1,1
3168,1053,42331492,6.812,-0.438,-155.639,207.875,-0.030,0.744,-1.319,99623.09,34.99,-94.180,-94.752,-18.8728,-0.1800,-1.3200,9.2900,-0.6250,-4.5625,-10.2500,-14.3750,27.7500,19.8750,-0.6600,-0.6700,-0.4700,0.4800,-0.6500,9.7700,1,1
3180,1057,42450471,6.938,-0.688,-151.331,211.750,-0.218,-1.174,-0.260,99645.75,35.01,-94.155,-94.725,-19.6661,-0.2700,-1.1000,10.0700,4.8125,14.6250,-2.0625,-15.5000,27.1875,21.5625,-0.2600,-0.4200,0.9800,0.4800,-0.6000,9.7700,1,1
3192,1061,42571680,6.688,-0.562,-148.765,212.312,-0.021,0.675,0.818,99623.90,35.02,-94.161,-94.755,-19.0215,0.2200,0.4800,9.2200,1.6875,-2.0625,-9.3750,-17.0000,26.3750,22.0000,-0.2400,1.1200,-0.5500,0.4600,-0.6300,9.7700,1,1
3204,1065,42692065,6.812,-0.875,-146.837,215.000,0.351,0.384,3.102,99627.34,35.00,-94.035,-94.685,-18.8744,-0.9000,-1.2800,9.3000,-0.1875,0.2500,-22.5000,-17.3750,25.6875,22.3750,-1.3900,-0.7000,-0.4700,0.4800,-0.5800,9.7700,1,1
3214,1068,42792052,7.438,-1.500,-141.697,227.125,-0.024,-0.928,-1.322,99642.84,35.00,-94.059,-94.658,-18.8504,-2.4400,1.9000,8.9400,0.5625,0.3125,-204.8750,-18.7500,24.8750,21.5625,-3.0300,2.3700,-0.8200,0.5900,-0.4700,9.7700,1,1
3225,1072,42901477,8.188,-2.688,-127.197,246.062,-0.232,-0.963,-1.602,99643.25,35.00,-94.089,-94.682,-18.9554,-0.3500,-1.6700,9.5100,-2.5000,-1.7500,-173.3750,-24.3750,20.0625,21.5625,-1.9700,-1.5000,0.0300,0.7200,-0.2700,9.7700,1,1
3237,1076,43022315,8.375,-3.312,-112.838,254.938,-0.396,-0.338,-2.063,99635.88,35.00,-94.158,-94.694,-18.7999,-0.1800,-1.2500,9.3000,-0.7500,-0.7500,-43.7500,-30.6875,10.0625,22.7500,-0.9300,-1.0900,-0.4600,0.7500,-0.1600,9.7700,1,1
3249,1080,43142502,8.438,-3.250,-106.805,254.000,-0.231,-0.522,1.147,99638.04,35.01,-94.124,-94.674,-18.8467,-0.9600,-0.7500,9.3200,-0.0625,-0.0625,84.3125,-31.0625,8.1875,23.1875,-1.7300,-0.5700,-0.4400,0.7600,-0.1700,9.7700,1,1
3261,1084,43262399,8.062,-2.375,-112.980,240.562,0.106,0.841,1.741,99621.95,34.99,-94.080,-94.660,-18.9456,0.4800,-0.7200,9.3200,0.4375,0.5625,60.5625,-28.7500,15.2500,22.3750,-0.2500,0.0000,-0.4400,0.6900,-0.3200,9.7700,1,1
3273,1088,43382678,7.750,-1.812,-121.882,231.062,0.385,0.602,2.770,99624.77,35.00,-93.962,-94.629,-19.0593,-0.4200,-0.4700,9.4200,-0.0625,-6.7500,100.6250,-26.2500,18.1875,21.1875,-1.0700,-0.0500,-0.3500,0.6500,-0.4200,9.7700,1,1
3285,1092,43501471,7.000,-1.062,-132.548,218.438,0.286,-0.057,-0.476,99632.55,35.00,-93.915,-94.605,-18.5493,-2.0000,0.7100,8.7600,3.3750,2.3750,165.6250,-22.1875,20.7500,21.5625,-1.2300,-2.6600,-0.1700,0.5000,-0.5500,9.7700,1,1
3297,1096,43622861,5.875,-0.188,-147.850,198.875,0.310,0.579,-0.748,99625.05,35.02,-93.888,-94.563,-19.0371,-2.1800,-0.9100,9.3800,-3.0625,-3.1875,143.6875,-16.5625,27.7500,22.3750,-2.5100,-0.2100,-0.3900,0.3300,-0.7000,9.7700,1,1
3309,1100,43743049,4.625,0.312,-166.283,179.312,0.386,0.329,0.795,99627.98,34.99,-93.818,-94.557,-19.0072,-2.7500,-1.6600,9.3500,-0.6875,-0.4375,185.0625,-5.8750,30.7500,22.3750,-2.8600,-0.8800,-0.4200,0.1000,-0.7800,9.7700,1,1
3319,1103,43842511,3.188,0.312,176.004,159.812,0.009,-1.510,-0.786,99649.71,35.00,-93.816,-94.561,-18.9921,1.1200,-0.9700,9.2600,-1.1250,2.0000,108.9375,3.7500,31.1875,23.1875,0.7900,0.2800,-0.3000,-0.1400,-0.7800,9.7700,1,1
3331,1107,43963045,1.625,0.000,155.802,141.375,-0.185,-0.298,-2.301,99635.39,34.99,-93.897,-94.596,-19.1048,-0.8100,-0.6400,9.3200,-1.5000,2.8125,149.5000,18.0000,26.0000,23.1875,-0.4000,0.0900,-0.4400,-0.4100,-0.7300,9.7700,1,1
3343,1111,44083410,-0.375,-1.062,135.243,118.812,-0.517,-1.215,-2.578,99646.23,35.02,-93.973,-94.631,-19.0771,-0.5300,-1.8400,9.2700,-0.6875,4.5000,170.5625,23.5000,18.5000,23.1875,0.2200,-1.3000,-0.4800,-0.7500,-0.5400,9.7600,1,1
3355,1115,44202471,-1.688,-2.500,115.374,101.625,-0.251,0.485,-0.098,99626.15,35.01,-94.012,-94.666,-19.3113,1.8800,-1.5500,9.3900,-1.1250,-3.7500,172.4375,28.3750,10.3750,24.7500,1.8400,-1.9100,-0.5200,-0.9700,-0.2700,9.7500,1,1
3367,1119,44323704,-0.562,-3.812,97.142,82.688,-0.097,1.186,1.069,99617.88,35.01,-94.015,-94.687,-19.1055,0.7300,-0.1300,9.2700,-17.8750,-43.9375,177.6250,29.7500,0.3750,25.5625,1.5200,-0.0500,-0.5000,-0.7800,-0.0800,9.7700,1,1
3379,1123,44443878,0.375,-3.938,81.686,73.875,-0.249,-0.603,1.021,99638.99,35.01,-94.000,-94.707,-19.0960,-0.2000,-0.7200,9.3300,-1.3750,-1.5000,-0.3750,29.5000,-8.5625,24.3750,0.4200,-0.6600,-0.4500,-0.6200,-0.0600,9.7800,1,1
3391,1127,44563868,0.500,-3.500,77.476,79.000,-0.338,-1.132,0.006,99645.24,35.01,-94.022,-94.727,-19.1821,-0.1100,-1.1400,9.4100,-1.6875,-2.8750,-120.6875,29.0625,-9.6875,22.3750,0.4800,-1.0100,-0.3700,-0.6000,-0.1200,9.7800,1,1
3403,1131,44681393,1.062,-2.000,90.746,107.812,-0.239,0.350,-1.236,99627.74,35.01,-94.087,-94.759,-18.9537,-2.0700,-0.7300,9.2400,0.3125,2.6875,-395.1250,30.5000,-1.8750,23.1875,-2.4700,-1.4500,-1.2500,-0.4800,-0.4200,9.7800,1,1
3413,1134,44781388,1.500,-0.062,115.396,136.375,0.035,0.311,3.806,99628.21,35.02,-94.021,-94.748,-19.0618,0.9000,-2.0100,9.3100,2.6250,-5.5000,-284.8750,26.5000,15.5625,22.3750,1.0700,-1.5500,-0.4000,-0.3800,-0.7300,9.7700,1,1
3425,1138,44902465,3.812,0.438,146.202,164.750,0.278,-0.086,2.114,99632.89,35.01,-93.935,-94.747,-19.1546,-1.1600,-1.9500,9.4900,-0.3125,-0.4375,-118.9375,15.3750,27.0625,22.3750,-0.7300,0.0400,-0.4200,-0.0300,-0.8000,9.7700,1,1
3437,1142,45024326,4.625,0.375,165.290,176.812,0.142,0.273,-1.608,99628.65,35.02,-93.954,-94.754,-18.9899,0.4500,-0.9100,9.2900,-1.3750,-0.3125,-85.0625,3.0625,31.0625,22.7500,0.3500,-0.1100,-0.4700,0.1000,-0.7900,9.7700,1,1
3447,1145,45124505,5.875,-0.188,179.569,195.688,0.243,1.542,-0.819,99613.67,35.00,-93.950,-94.741,-19.1581,-2.3100,0.8600,9.3200,-0.8750,1.0000,-257.3750,-1.6875,31.5000,23.1875,-2.6300,1.5600,-0.4500,0.3200,-0.7000,9.7700,1,1
3458,1149,45234681,7.125,-0.938,-160.817,215.438,-0.166,-0.629,-1.252,99639.31,35.00,-93.980,-94.742,-18.8924,1.1500,-1.0500,9.2700,0.7500,-2.3750,-204.0625,-13.8750,27.3750,22.3750,0.6100,-0.4800,-0.4900,0.5400,-0.5700,9.7700,1,1
3470,1153,45353470,7.750,-1.625,-141.916,228.625,-0.346,-0.982,-1.688,99643.48,35.03,-94.038,-94.749,-19.0782,0.5000,-0.3200,9.3900,-1.0625,0.5000,-84.8125,-22.0625,21.8750,22.3750,-0.3500,-0.2000,-0.4300,0.6500,-0.4400,9.7700,1,1
3482,1157,45474839,8.375,-2.562,-126.542,245.250,-0.422,-0.870,-0.786,99642.15,35.02,-94.095,-94.743,-18.8113,0.1400,-1.6000,9.3400,-0.5000,-1.3125,-132.3125,-27.2500,14.7500,22.3750,-0.6000,-1.3100,-0.4200,0.7500,-0.2900,9.7700,1,1
3494,1161,45595077,8.250,-3.438,-113.440,253.125,-0.204,-0.379,1.979,99636.35,35.03,-94.083,-94.726,-18.8983,-0.1000,-0.9700,9.3500,0.4375,1.5625,0.5000,-30.1875,9.5625,23.1875,-0.8300,-0.8200,-0.4200,0.7300,-0.1400,9.7700,1,1
3506,1165,45715061,8.000,-2.438,-112.198,241.750,-0.232,-0.932,0.636,99642.88,35.02,-94.075,-94.691,-18.5988,-0.7400,-1.1500,9.0800,-24.8750,-28.0000,213.8125,-30.1875,9.1875,23.5625,-1.4300,-0.8400,-0.6900,0.6800,-0.3100,9.7700,1,1
3516,1168,45815069,7.312,-1.062,-124.555,221.875,-0.126,0.311,-1.025,99628.20,35.01,-94.090,-94.700,-18.9865,-0.7400,0.5500,9.2000,-0.5000,2.6875,199.1250,-22.7500,19.5625,23.1875,-1.3100,1.1000,-0.5700,0.5700,-0.5500,9.7700,1,1
3528,1172,45931599,5.875,-0.062,-144.115,202.562,-0.108,-0.439,0.275,99637.06,35.00,-94.073,-94.691,-19.3944,0.9600,-0.2200,9.6600,-4.5625,5.2500,121.6250,-14.8750,25.8750,22.0000,0.6300,0.5000,-0.1100,0.3200,-0.7200,9.7700,1,1
3541,1176,46058221,4.438,0.312,-160.001,190.062,-0.237,-0.555,-0.644,99638.43,35.02,-94.096,-94.656,-16.5897,-2.9500,-0.4200,6.8200,0.6250,-17.9375,159.6875,-6.8750,29.5625,22.7500,-3.0300,0.3500,-2.9400,0.0800,-0.7800,9.7700,1,1
3552,1179,46165391,3.812,0.312,-175.691,167.312,-0.385,-0.779,-1.420,99641.09,35.01,-94.138,-94.660,-18.9050,0.7500,-3.5600,9.3600,0.3125,-1.6875,244.3125,1.2500,30.3750,22.3750,1.2800,-1.6600,-0.4500,-0.0300,-0.7800,9.7700,1,1
3563,1183,46275681,3.062,0.250,168.602,156.438,-0.289,-1.058,1.441,99644.38,35.00,-94.105,-94.662,-19.1277,0.2200,-1.0200,9.3900,-0.5000,-2.1250,205.0625,10.5000,30.3750,21.5625,0.3800,-0.2500,-0.3700,-0.1600,-0.7700,9.7700,1,1
3575,1187,46395902,1.125,-0.438,150.097,132.562,0.102,1.010,1.413,99619.95,35.02,-94.066,-94.673,-19.1786,-0.3200,-0.6900,9.3900,-2.0000,5.5000,294.9375,15.6875,27.0625,21.5625,0.1700,-0.0400,-0.3800,-0.4900,-0.6500,9.7700,1,1
3587,1191,46514478,-0.188,-2.250,125.252,105.562,-0.325,-0.919,-1.772,99642.73,35.02,-94.095,-94.698,-19.1109,-0.1000,-1.6500,9.3100,0.5625,-11.3750,259.0000,27.5625,11.7500,24.3750,0.6200,-2.1000,-0.3700,-0.7100,-0.3400,9.7700,1,1
3599,1195,46635863,-0.500,-3.875,101.264,84.750,-0.481,-1.980,-1.002,99655.27,35.04,-94.117,-94.721,-19.1355,0.0300,-0.9800,9.3400,-1.9375,-2.3125,159.9375,30.2500,0.7500,22.7500,0.8000,-0.9200,-0.4200,-0.7700,-0.0600,9.7700,1,1
3611,1199,46755466,-0.188,-4.875,81.500,69.875,-0.174,-1.006,2.882,99643.77,35.03,-94.086,-94.729,-19.0235,1.3000,0.1700,9.1400,-1.0000,1.3750,78.7500,29.8750,-7.2500,23.5625,1.1100,0.4000,-0.4900,-0.7200,0.1100,9.7700,1,1
3623,1203,46875888,0.188,-4.938,70.007,63.375,-0.147,-0.306,-0.234,99635.49,35.04,-94.102,-94.743,-19.0543,-0.1900,-0.4300,9.3000,0.2500,-1.1875,38.2500,28.0625,-14.7500,22.3750,0.7500,-0.4500,-0.4600,-0.6600,0.1200,9.7800,1,1
3635,1207,46996695,0.188,-4.500,65.501,66.188,-0.178,-0.757,0.394,99640.82,35.03,-94.097,-94.756,-19.0814,0.1800,-0.2000,9.2900,1.0625,2.2500,-127.5625,26.5625,-15.0625,22.0000,0.8400,-0.2400,-0.4800,-0.6500,0.0400,9.7800,1,1
3647,1211,47116429,1.438,-2.438,77.950,95.125,-0.314,-0.501,-0.590,99637.80,35.04,-94.144,-94.778,-18.7846,1.5800,-3.5200,9.0100,-4.1875,-9.6875,-346.3125,29.1875,-7.0000,23.1875,0.4800,-3.3800,-0.3500,-0.4400,-0.3100,9.7900,1,1
3659,1215,47236700,2.562,-1.250,102.991,122.875,-0.306,-0.108,0.174,99633.15,35.03,-94.168,-94.782,-19.3930,1.3300,-2.0300,9.6600,3.0625,19.5000,-320.4375,29.5625,8.1875,22.0000,1.5800,-1.5200,-0.1200,-0.2400,-0.5100,9.7800,1,1
3671,1219,47355473,3.812,-0.500,131.797,154.000,-0.035,0.911,2.189,99621.12,35.03,-94.138,-94.784,-19.1569,0.5400,-0.0500,9.3700,-1.6875,0.8750,-279.6875,22.8750,20.7500,23.1875,-0.4100,-0.2300,-0.2100,-0.0300,-0.6400,9.7800,1,1
3683,1223,47476857,4.812,-0.125,158.391,175.000,0.130,1.253,1.149,99617.08,35.04,-94.103,-94.788,-18.9864,-0.2600,-0.5600,9.2600,-1.5625,0.3750,-116.3750,7.6875,29.6875,21.5625,-0.4000,0.1500,-0.5100,0.1400,-0.7100,9.7700,1,1
3695,1227,47596649,6.188,-0.625,178.283,197.938,-0.392,-1.316,-3.249,99647.42,35.05,-94.144,-94.795,-19.4229,-1.0600,1.5200,9.5200,-6.1250,2.2500,-325.0000,-0.0625,30.7500,23.1875,-2.8800,0.3500,-0.3900,0.3700,-0.6200,9.7700,1,1
3707,1231,47717043,7.312,-1.500,-157.493,218.625,-0.029,0.062,1.863,99631.14,35.04,-94.114,-94.785,-19.0225,-0.3300,-0.5200,9.3700,-1.6250,-0.3125,-129.9375,-16.7500,24.8750,23.5625,-0.9000,-0.0400,-0.4000,0.5600,-0.4700,9.7700,1,1
3719,1235,47837327,8.000,-2.750,-137.728,238.250,0.153,0.683,0.839,99623.81,35.04,-94.082,-94.766,-18.6094,0.4600,-1.8700,9.1400,20.5000,4.1875,-265.1875,-23.0625,20.0625,24.7500,-0.2100,-1.6000,-0.6300,0.6800,-0.2600,9.7700,1,1
3731,1239,47956487,7.250,-4.312,-116.470,255.125,-0.031,1.405,-2.159,99615.28,35.04,-94.131,-94.763,-18.8843,0.2900,-1.2200,9.3100,-0.1250,0.6875,-35.6250,-29.3750,10.7500,24.0000,0.1300,-1.2200,-0.4800,0.5600,0.0100,9.7900,1,1
3743,1243,48077477,7.188,-4.750,-103.604,263.250,-0.046,0.308,1.138,99628.24,35.04,-94.086,-94.739,-18.8865,-0.2600,-1.0700,9.3400,-0.0625,0.2500,10.6250,-31.1875,4.5000,24.3750,-0.8100,-1.1600,-0.4400,0.5500,0.0800,9.7900,1,1
3755,1247,48197872,7.062,-3.938,-102.453,251.438,0.429,2.770,1.332,99599.16,35.04,-94.038,-94.713,-18.9861,-0.3000,-0.9500,9.4100,-0.3125,-2.3750,226.3750,-30.8750,3.7500,23.5625,-0.8300,-0.8900,-0.3700,0.5200,-0.0500,9.7900,1,1
3767,1251,48314462,7.500,-2.375,-114.947,236.000,0.306,0.094,0.620,99630.77,35.04,-93.939,-94.692,-18.7247,-0.5600,-2.0800,9.3000,1.6250,1.5625,127.9375,-26.0625,16.0000,23.5625,-1.1700,-1.7600,-0.4700,0.5900,-0.3300,9.7800,1,1
3778,1254,48417848,6.938,-1.750,-127.322,221.750,0.308,0.443,0.497,99626.65,35.03,-93.911,-94.680,-18.9407,-0.3400,-1.1000,9.3500,2.2500,-0.5000,137.3750,-22.0000,22.0000,22.7500,-0.8500,-0.6700,-0.4200,0.5000,-0.4200,9.7800,1,1
3790,1258,48537846,6.562,-1.375,-139.027,213.375,0.209,-1.231,1.543,99646.41,35.03,-93.838,-94.656,-18.9451,0.6300,-1.2500,9.3300,-1.5625,3.1875,85.5625,-18.1875,25.6875,23.5625,0.1900,-0.7500,-0.4500,0.4400,-0.4900,9.7800,1,1
3802,1262,48657468,5.625,-0.750,-151.606,199.062,0.399,1.263,-0.569,99616.96,35.03,-93.844,-94.661,-18.8113,-0.5800,-1.0500,9.1600,0.2500,1.2500,32.7500,-14.5625,27.1875,22.7500,-1.2300,-0.6400,-0.5100,0.2800,-0.6000,9.7800,1,1
3812,1265,48757457,4.938,-0.562,-158.832,195.188,0.016,-0.214,-1.870,99634.41,35.04,-93.877,-94.674,-19.0434,-0.6600,-1.1800,9.3800,-1.8125,14.3125,81.3750,-10.0625,29.2500,22.7500,-1.4500,-1.1000,-0.3600,0.1600,-0.6300,9.7800,1,1
3823,1269,48868226,4.250,-0.312,-170.136,179.312,-0.024,-0.386,0.322,99636.44,35.03,-93.877,-94.683,-19.0660,-0.6700,-0.6900,9.3400,0.3125,-8.9375,86.1250,-2.6875,30.0625,23.1875,-0.7200,-0.0100,-0.4400,0.0500,-0.6700,9.7800,1,1
3835,1273,48988485,3.875,-0.250,175.153,162.875,0.125,0.065,0.297,99631.11,35.04,-93.861,-94.694,-19.0569,-1.6900,-1.0500,9.3500,-1.1875,0.5625,135.7500,3.5625,30.5000,23.5625,-1.6600,-0.3600,-0.4300,-0.0300,-0.6800,9.7800,1,1
3848,1277,49118055,2.125,-0.875,153.045,135.562,-0.127,-1.191,-1.385,99645.94,35.04,-93.887,-94.719,-19.1686,0.0200,-0.5600,9.3900,6.2500,-10.5000,191.6875,18.7500,23.3750,24.3750,-0.0700,-0.1100,-0.5000,-0.3200,-0.5800,9.7800,1,1
3858,1280,49218431,2.125,-1.812,134.023,116.375,-0.155,-0.624,-1.864,99639.25,35.02,-93.937,-94.739,-19.1253,0.6700,-0.5800,9.3300,-0.5000,-5.2500,222.4375,26.1875,16.6875,23.1875,2.1300,-3.6900,-0.7300,-0.3200,-0.4200,9.7900,1,1
3869,1284,49328714,1.438,-2.625,113.441,96.438,-0.057,-0.100,1.750,99633.05,35.03,-93.935,-94.747,-19.0677,1.0700,-1.4100,9.2600,2.2500,4.7500,189.0000,30.2500,6.6875,22.7500,1.5100,-1.1200,-0.5200,-0.4400,-0.2800,9.7900,1,1
3881,1288,49449050,0.625,-3.625,94.027,81.688,-0.017,-0.843,0.868,99641.84,35.04,-93.908,-94.754,-19.1308,0.3200,0.2900,9.3200,4.5625,7.5000,80.9375,31.0000,-1.7500,23.1875,0.9000,0.4000,-0.4600,-0.5700,-0.1100,9.7800,1,1
3893,1292,49568852,1.438,-3.125,85.482,84.312,-0.196,-0.865,-1.909,99642.09,35.04,-93.965,-94.778,-19.1220,0.2800,-1.3200,9.3500,-3.3125,-6.3750,-56.8125,30.5625,-5.5000,22.3750,0.7200,-1.1200,-0.4400,-0.4400,-0.2000,9.7900,1,1
3905,1296,49689133,1.938,-2.375,90.330,98.938,-0.466,-0.925,-2.112,99642.80,35.05,-94.059,-94.807,-19.0305,1.1300,-0.2900,9.2000,1.9375,5.9375,-194.0625,31.7500,-2.1875,22.0000,1.4800,0.0200,-0.5800,-0.3500,-0.3200,9.7900,1,1
3915,1299,49789307,1.125,-1.125,106.072,123.438,-0.121,0.724,0.079,99623.33,35.06,-94.055,-94.815,-19.0879,-0.2800,-0.4900,9.3000,1.5000,-2.3125,-228.8125,29.8750,8.5625,23.5625,0.2100,0.0400,-0.4700,-0.4900,-0.5400,9.7700,1,1
3926,1303,49899516,2.438,-0.438,126.382,142.375,-0.136,0.090,0.602,99630.82,35.04,-94.064,-94.825,-19.1219,0.5200,-0.9400,9.3600,1.7500,-1.0625,-168.2500,22.8750,19.6875,23.1875,0.7900,-0.2900,-0.4100,-0.2700,-0.6500,9.7800,1,1
3938,1307,50019209,4.125,-0.188,148.853,166.750,-0.324,-1.309,-0.785,99647.34,35.04,-94.087,-94.837,-18.9247,-0.4300,-1.6200,9.2600,-1.1875,0.6250,-169.0000,11.7500,28.5625,23.1875,-0.4500,-0.9300,-0.5100,0.0200,-0.6900,9.7800,1,1
3950,1311,50139588,4.938,-0.312,167.439,180.812,-0.226,-0.097,-0.099,99633.02,35.06,-94.130,-94.846,-18.8723,0.5700,-1.4300,9.2200,-1.4375,3.1250,-219.8750,3.5625,30.0625,22.3750,0.4000,-0.7500,-0.5500,0.1700,-0.6800,9.7800,1,1
3962,1315,50258465,6.312,-0.875,-171.169,203.250,-0.231,-0.350,0.315,99636.01,35.05,-94.144,-94.832,-18.9856,-0.2600,-0.0900,9.2500,-1.3750,1.0000,-137.5000,-5.2500,29.6875,24.0000,-0.7000,0.7200,-0.4300,0.4000,-0.5700,9.7800,1,1
3974,1319,50379771,7.438,-2.125,-149.117,230.062,0.047,-0.949,3.331,99643.09,35.06,-94.055,-94.803,-18.6339,-1.1300,-2.6000,9.2900,-1.3125,1.8750,-212.1250,-17.8750,24.5000,23.5625,-1.7300,-2.2400,-0.4800,0.5900,-0.3600,9.7800,1,1
3986,1323,50500044,7.125,-3.688,-127.249,246.188,-0.046,0.551,-2.883,99625.37,35.05,-94.129,-94.815,-18.8062,-0.1400,-1.3800,9.2700,0.3750,0.8125,-87.5000,-26.7500,16.0000,23.1875,-0.6800,-1.2800,-0.5100,0.5300,-0.0900,9.7900,1,1
3998,1327,50620044,7.250,-3.625,-114.836,251.812,-0.019,0.409,-0.074,99627.04,35.05,-94.123,-94.809,-19.2797,0.6500,-1.3600,9.7000,-13.6250,-19.3750,-22.9375,-30.5000,10.0625,22.0000,0.0900,-1.2500,-0.0800,0.5500,-0.1100,9.7800,1,1
4010,1331,50740306,7.625,-3.375,-108.238,255.812,-0.145,0.039,-0.234,99631.42,35.06,-94.138,-94.795,-18.4704,-0.7800,-0.1300,8.8200,-13.3125,-22.9375,-46.6875,-30.5000,7.7500,23.1875,-1.4100,0.0100,-0.9600,0.6300,-0.1500,9.7800,1,1
4022,1335,50859471,8.000,-3.438,-103.550,259.188,-0.242,-0.545,-0.844,99638.31,35.06,-94.153,-94.797,-18.8524,-0.2900,-1.2900,9.3500,-0.4375,-0.6250,-25.0000,-30.8750,5.2500,23.5625,-0.9800,-1.1500,-0.4200,0.6600,-0.1700,9.7800,1,1
4034,1339,50980486,7.125,-2.500,-101.958,256.125,-0.231,0.095,0.389,99630.75,35.04,-94.177,-94.784,-18.7153,-2.1800,-1.9000,9.3200,2.3750,3.2500,146.1250,-30.8750,4.1875,23.1875,-2.7200,-1.5900,-0.4600,0.5400,-0.3000,9.7800,1,1
4046,1343,51100751,5.562,-1.375,-119.283,222.750,-0.054,0.746,0.662,99623.07,35.05,-94.158,-94.766,-18.9735,5.9800,-0.6300,9.1300,2.0625,-4.3750,206.5625,-29.6875,11.8750,22.0000,5.7000,-0.1400,-0.6500,0.2700,-0.4900,9.7900,1,1
4058,1347,51220406,5.250,-1.188,-135.964,214.438,-0.368,-0.905,-1.040,99642.56,35.06,-94.179,-94.771,-18.9765,0.5600,-1.2100,9.3100,0.0000,-0.0625,88.7500,-19.0000,24.8750,24.0000,-1.5300,0.0900,-0.4100,0.2100,-0.5200,9.7900,1,1
4070,1351,51340692,4.750,-1.062,-146.020,207.375,-0.454,0.413,-2.632,99627.00,35.05,-94.272,-94.793,-18.9792,0.1200,-0.8000,9.2700,0.3125,-0.3125,63.5625,-16.7500,25.6875,23.1875,0.0000,-0.2500,-0.5100,0.1300,-0.5500,9.7900,1,1
4082,1355,51460460,4.312,-0.562,-153.241,202.312,-0.471,-0.622,1.301,99639.23,35.07,-94.266,-94.793,-19.0215,-0.1800,-1.1500,9.3300,-0.7500,-1.3125,52.1250,-13.3750,28.1875,22.3750,-0.2700,-0.5400,-0.4600,0.0400,-0.6400,9.7800,1,1
4094,1359,51580866,3.688,-0.312,-160.474,194.625,-0.154,0.123,2.262,99630.42,35.07,-94.226,-94.792,-19.0206,-0.4900,-1.1500,9.3100,0.1875,0.1875,43.3125,-10.0625,29.2500,22.7500,-0.4300,-0.4700,-0.4600,-0.0500,-0.6700,9.7800,1,1
4106,1363,51701497,3.000,-0.500,-168.895,182.438,0.101,1.311,0.722,99616.39,35.06,-94.199,-94.795,-19.0376,0.9800,-0.4700,9.2600,0.7500,-0.4375,108.5625,-6.7500,30.5000,22.7500,1.1500,0.1700,-0.5200,-0.1700,-0.6400,9.7800,1,1
4116,1366,51801498,2.938,-0.438,-175.330,181.188,-0.173,-0.015,-0.072,99632.05,35.06,-94.212,-94.805,-19.0802,-0.4200,-0.9900,9.3400,0.0625,0.1875,-1.3125,-0.8750,31.1875,24.0000,-0.2300,-0.3300,-0.4400,-0.1800,-0.6500,9.7800,1,1
4127,1370,51910455,3.125,-0.250,-176.868,184.750,-0.230,-0.890,-0.489,99642.39,35.06,-94.206,-94.810,-19.0002,0.6100,-1.9300,9.3100,-0.7500,0.2500,-83.1250,-0.0625,30.7500,23.1875,0.6500,-1.0600,-0.3300,-0.1500,-0.6800,9.7800,1,1
4139,1374,52031497,5.250,0.000,-163.752,211.875,-0.260,-0.501,0.208,99637.79,35.07,-94.227,-94.824,-18.9309,0.0300,-0.0800,9.1700,-6.1875,-22.3750,-308.1875,-10.0625,29.2500,23.1875,-0.1800,0.6400,-0.5900,0.2200,-0.7200,9.7700,1,1
4151,1378,52151894,5.750,-1.312,-139.336,234.500,-0.258,-0.227,-0.741,99634.55,35.06,-94.247,-94.818,-18.8544,-0.7600,-2.2500,9.3400,-0.1875,-0.6875,35.4375,-23.0625,21.1875,23.5625,-1.0600,-1.7400,-0.4400,0.3000,-0.5000,9.7800,1,1
4163,1382,52271608,3.500,-0.438,-148.477,190.938,-0.295,-1.047,0.893,99644.24,35.06,-94.231,-94.804,-18.9803,-0.8200,0.6100,9.1600,-11.2500,-4.0625,308.1250,-16.0625,26.0000,22.7500,0.2200,-0.2100,-0.1900,-0.0800,-0.6500,9.7800,1,1
4175,1386,52389371,3.750,-0.625,-165.180,196.500,-0.240,-0.278,0.233,99635.16,35.07,-94.246,-94.810,-18.9388,0.1300,-1.3600,9.2400,1.8750,10.2500,-540.9375,-2.2500,30.5000,23.5625,0.5500,0.2500,-0.4100,0.0100,-0.6200,9.7800,1,1
4187,1390,52510494,5.500,-1.188,-140.990,228.625,-0.195,-0.710,1.787,99640.27,35.08,-94.213,-94.795,-18.8758,-1.3900,-2.1600,9.3500,-2.0000,-2.6875,263.1250,-20.0000,24.1875,22.0000,-1.1400,0.2000,-0.4200,0.2600,-0.5300,9.7800,1,1
4197,1393,52609489,4.000,-0.750,-147.785,198.750,-0.412,-0.688,-2.591,99640.00,35.05,-94.275,-94.817,-19.6702,-0.2100,2.0200,9.7500,5.5000,-6.5625,220.1250,-22.5625,21.6875,22.3750,-1.4800,3.1000,-1.1700,0.0000,-0.5800,9.7800,1,1
4207,1396,52711466,5.000,-0.875,-152.981,218.688,-0.367,0.295,-0.895,99628.39,35.04,-94.310,-94.790,-18.2375,-1.5900,-3.7900,8.8200,5.0000,-10.5625,-552.9375,-8.0625,29.7500,23.1875,3.2900,2.6200,0.6400,0.1700,-0.5700,9.7800,1,1
4219,1400,52829475,4.625,-0.750,-140.853,213.125,-0.155,-0.597,2.121,99638.93,35.04,-94.246,-94.756,-18.1190,4.5200,2.7300,8.0600,-5.8750,7.6250,642.7500,-26.0000,19.0625,22.3750,3.7400,1.3800,0.5600,0.0700,-0.6700,9.7800,1,1
4232,1404,52960497,4.625,-0.750,-155.240,214.312,-0.492,-1.107,-2.845,99644.95,35.03,-94.310,-94.776,-17.6084,-4.6200,-1.1300,7.9800,19.1875,9.7500,-605.8750,-5.5625,30.5625,24.0000,-0.3000,0.4800,1.4700,0.1800,-0.5700,9.7800,1,1
4243,1407,53064219,4.688,-0.875,-140.651,215.312,-0.604,-0.740,-1.670,99640.62,35.03,-94.377,-94.809,-17.6621,-0.5700,0.7500,7.8300,-2.9375,10.5625,589.3125,-24.0625,18.2500,22.7500,-0.6900,1.3300,-1.9400,0.1200,-0.5800,9.7800,1,1
4255,1411,53179471,4.000,-0.062,-155.997,201.750,-0.615,-0.692,-0.149,99640.05,35.04,-94.416,-94.852,-19.2493,-2.4400,-1.3100,9.5600,-1.1875,6.1250,-378.7500,-8.1875,29.3750,22.7500,-2.4400,-0.5900,-0.2100,0.0500,-0.7000,9.7800,1,1
4266,1414,53288891,5.250,-1.000,-142.258,222.750,-0.402,-1.690,3.017,99651.84,35.04,-94.348,-94.849,-20.2910,7.6200,-1.6700,10.5500,-2.9375,-5.0625,358.2500,-22.2500,22.0625,22.3750,7.4000,-1.1100,0.7700,0.2100,-0.5500,9.7800,1,1
4278,1418,53403041,3.750,-0.250,-156.188,197.750,-0.023,0.723,1.505,99623.34,35.02,-94.332,-94.865,-19.3356,-6.6400,-3.9900,9.8400,16.6250,7.5625,-291.4375,-12.2500,27.5625,23.5625,-6.6000,-3.3000,0.0500,-0.0400,-0.6900,9.7800,1,1
4288,1421,53501442,5.125,-1.000,-147.874,221.188,0.202,0.084,3.806,99630.88,35.03,-94.228,-94.857,-19.1020,4.4500,0.9600,9.1700,-0.0625,0.1875,16.6875,-14.0625,27.2500,24.0000,5.8600,1.3300,0.0000,0.1900,-0.5500,9.7800,1,1
4299,1424,53603598,4.000,-0.062,-151.296,200.812,0.275,0.076,0.583,99630.98,35.03,-94.175,-94.857,-19.2379,-4.3500,-3.1600,9.6800,-13.8750,-2.3750,43.8125,-18.5000,25.3750,23.1875,-4.3500,-2.4400,-0.0900,0.0000,-0.7200,9.7700,1,1
4309,1427,53701748,4.250,-0.062,-154.319,206.062,0.149,0.178,-1.007,99629.78,35.02,-94.182,-94.861,-18.8238,3.0900,-2.4400,9.2200,-0.6250,0.5625,-32.6875,-11.8750,27.8750,24.3750,1.8400,-1.7900,-0.5400,0.0500,-0.7100,9.7800,1,1
4321,1431,53821557,4.188,0.000,-154.023,206.125,-0.092,0.024,-2.838,99631.60,35.04,-94.233,-94.872,-19.0480,-0.1800,-1.0100,9.3400,-0.1250,0.1250,-0.2500,-13.2500,26.8750,22.7500,-0.2100,-0.3500,-0.4500,0.0400,-0.7300,9.7700,1,1
4333,1435,53943506,4.250,0.125,-153.547,206.312,-0.329,-1.328,-1.392,99647.55,35.04,-94.251,-94.880,-19.1121,-2.3400,-1.4000,9.4300,-1.7500,-3.9375,38.5000,-14.7500,26.5000,24.3750,-2.3900,-0.6500,-0.3300,0.0500,-0.7400,9.7700,1,1
4345,1439,54062489,4.125,0.062,-154.700,205.188,-0.125,0.697,-0.524,99623.65,35.06,-94.286,-94.854,-19.0550,-0.8100,-0.9500,9.3400,0.0625,0.0625,-18.3125,-13.0000,27.2500,22.7500,-0.8800,-0.0700,-0.4100,0.0300,-0.7400,9.7700,1,1
4357,1443,54183623,4.062,0.188,-154.589,205.562,0.014,0.782,0.772,99622.65,35.05,-94.251,-94.849,-19.0097,0.0000,-1.3200,9.3200,-0.3125,-0.1250,-7.5625,-14.7500,27.5625,23.5625,-0.1800,-0.7700,-0.5000,0.0100,-0.7600,9.7700,1,1
4369,1447,54303611,5.875,0.000,-145.974,228.688,-0.148,-0.297,-0.545,99635.38,35.06,-94.239,-94.838,-18.8014,-1.5100,-1.6300,9.2100,-4.2500,1.6250,-327.6250,-16.6875,26.0625,24.7500,-2.5900,-1.4200,-0.3500,0.3200,-0.7300,9.7700,1,1
4381,1451,54423782,7.375,-2.062,-118.109,262.438,-0.178,0.431,-1.462,99626.78,35.07,-94.269,-94.845,-19.3721,1.0800,1.6400,9.4000,18.3750,44.8125,-150.9375,-30.0000,7.1875,23.1875,-0.3900,1.6100,-0.3400,0.5800,-0.3800,9.7800,1,1
4393,1455,54544309,6.875,-2.812,-98.034,272.562,-0.078,0.670,0.534,99623.96,35.07,-94.252,-94.836,-18.9868,-0.6700,-0.4900,9.3500,0.3125,0.5000,-64.5000,-31.5000,0.8750,23.1875,-1.1600,-0.2400,-0.4300,0.4900,-0.2400,9.7900,1,1
4405,1459,54663459,6.938,-3.125,-87.717,277.812,-0.473,-0.758,-2.925,99640.84,35.07,-94.311,-94.834,-18.9517,0.0600,-0.8800,9.3300,0.6250,7.5000,-36.2500,-31.0625,-1.6875,22.7500,-0.7500,-0.8800,-0.4700,0.5000,-0.2000,9.7900,1,1
4417,1463,54784213,6.125,-2.188,-83.495,278.250,-0.235,0.847,0.929,99621.88,35.08,-94.321,-94.828,-18.9588,-0.2000,-0.9400,9.3200,0.1875,-0.1250,-3.5000,-31.5000,-5.0000,23.5625,-0.5700,-0.5900,-0.4600,0.3600,-0.3500,9.7900,1,1
4429,1467,54904696,5.062,-1.188,-82.473,277.375,-0.243,0.319,0.847,99628.10,35.06,-94.311,-94.824,-19.1043,-0.3700,-0.8600,9.4200,0.0625,-0.3750,8.0000,-31.5000,-4.2500,23.5625,-0.5600,-0.3200,-0.3600,0.1800,-0.5300,9.7900,1,1
4441,1471,55022643,4.438,-0.625,-83.007,275.938,-0.421,-0.498,-0.988,99637.77,35.09,-94.335,-94.836,-19.0012,-0.2500,-0.9600,9.3000,0.0625,0.0000,20.5625,-31.0625,-3.5625,23.5625,-0.3100,-0.3200,-0.4200,0.0800,-0.6200,9.7800,1,1
4453,1475,55144792,4.250,-0.312,-83.763,276.625,-0.103,0.372,2.625,99627.48,35.08,-94.293,-94.828,-18.9602,-0.4400,-0.7900,9.2400,0.0625,-0.5000,-43.8750,-31.5000,-2.7500,23.1875,-0.4900,-0.1000,-0.5400,0.0500,-0.6800,9.7800,1,1
4465,1479,55264472,4.062,-0.062,-82.857,277.375,0.093,0.202,1.661,99629.48,35.07,-94.221,-94.819,-19.0595,0.0900,-0.9000,9.3400,-0.5000,0.0000,8.8750,-30.3750,-3.8750,22.7500,-0.2100,-0.2500,-0.4400,0.0100,-0.7200,9.7700,1,1
4477,1483,55385114,3.250,-0.062,-88.044,264.000,0.042,1.116,-1.968,99618.70,35.07,-94.246,-94.827,-19.0035,-0.8700,-1.0100,9.2700,0.5625,-2.8125,147.9375,-31.8750,-3.1875,23.1875,-0.7400,-0.3000,-0.5000,-0.1300,-0.7100,9.7700,1,1
4489,1487,55505492,2.062,-0.438,-102.752,245.062,-0.114,-0.130,-0.726,99633.41,35.08,-94.230,-94.828,-19.0713,0.0000,-1.6400,9.3300,-0.8750,-0.6250,120.8125,-30.3750,5.7500,23.1875,0.3400,-0.9900,-0.4400,-0.3300,-0.6500,9.7700,1,1
4501,1491,55625201,1.500,-0.812,-116.384,234.875,-0.128,1.246,-1.341,99617.16,35.08,-94.279,-94.850,-19.2820,1.1400,-1.4000,9.5000,0.1875,0.0625,89.8125,-27.0625,16.5000,22.7500,1.5700,-0.8100,-0.2600,-0.4200,-0.5800,9.7700,1,1
4513,1495,55745511,1.062,-1.125,-125.910,227.312,-0.443,-0.473,-1.760,99637.47,35.07,-94.312,-94.870,-19.2616,-1.2700,-0.9000,9.5000,-2.0000,-1.6875,107.6250,-24.7500,18.2500,22.7500,-0.7600,-0.3600,-0.2700,-0.5000,-0.5300,9.7700,1,1
4525,1499,55864479,0.562,-1.750,-137.941,214.438,-0.320,-0.012,-0.035,99632.02,35.08,-94.329,-94.882,-19.1114,-0.5500,-1.3900,9.3400,-0.4375,0.1250,21.3125,-21.8750,21.6875,23.1875,0.4800,-0.4700,-0.4400,-0.5900,-0.4300,9.7700,1,1
4537,1503,55985685,0.250,-1.812,-145.652,208.250,-0.240,-0.116,1.625,99633.24,35.08,-94.313,-94.893,-19.1176,-0.3600,-0.6700,9.3300,-11.0000,2.5000,86.6875,-18.0625,26.0625,23.5625,0.2700,-0.2500,-0.4300,-0.6400,-0.4200,9.7700,1,1
4549,1507,56106024,0.312,-1.875,-152.080,204.625,-0.469,-1.324,-1.729,99647.52,35.08,-94.345,-94.901,-19.1566,-0.5600,-1.2100,9.3800,1.3125,-0.1875,15.0000,-13.6875,27.2500,23.5625,0.0600,-0.8000,-0.3900,-0.6300,-0.4000,9.7700,1,1
4561,1511,56225845,0.250,-2.375,-157.335,197.375,-0.387,-0.146,0.452,99633.61,35.08,-94.384,-94.919,-19.1604,-0.1000,-0.9100,9.3700,-1.1250,-2.0000,82.9375,-12.5625,28.2500,22.7500,0.5500,-0.5900,-0.4000,-0.6500,-0.3200,9.7700,1,1
4573,1515,56346136,0.125,-2.812,-164.020,190.812,0.039,-0.330,3.967,99635.77,35.08,-94.278,-94.909,-19.0896,-0.0900,-0.6500,9.3000,-0.6875,-1.2500,98.0000,-8.8750,29.3750,23.5625,0.5700,-0.4000,-0.4700,-0.6600,-0.2500,9.7800,1,1
4585,1519,56465467,-0.250,-3.312,-175.841,174.062,-0.146,-1.239,-0.116,99646.52,35.07,-94.272,-94.918,-19.0712,-0.5700,-0.7100,9.3100,-0.0625,-0.9375,116.3125,-3.6875,30.8750,23.5625,-0.0800,-0.6200,-0.4200,-0.7300,-0.1600,9.7700,1,1
4597,1523,56586304,0.062,-5.125,166.650,154.188,0.114,0.475,0.366,99626.27,35.08,-94.259,-94.927,-19.0034,-0.8400,-0.9000,9.3100,1.5625,-1.6875,88.2500,10.2500,29.3750,24.7500,-0.1600,-1.0600,-0.4600,-0.6700,0.1500,9.7800,1,1
4607,1526,56686490,0.250,-6.125,151.171,134.438,0.148,0.101,2.106,99630.68,35.08,-94.216,-94.925,-18.9852,-0.4100,-1.0800,9.2800,-4.3750,5.3750,254.0625,15.5000,26.8750,24.3750,0.2300,-1.4000,-0.4900,-0.6400,0.3200,9.7700,1,1
4618,1530,56796585,1.062,-7.375,128.292,109.750,0.015,-1.820,1.091,99653.38,35.08,-94.159,-94.910,-18.8996,-1.1000,-0.9300,9.3300,0.3125,-7.5625,161.5625,25.7500,18.2500,25.1875,-0.5900,-1.4600,-0.4400,-0.5000,0.5300,9.7700,1,1
4630,1534,56915478,2.000,-8.000,107.833,94.688,0.004,0.340,-2.562,99627.86,35.08,-94.228,-94.919,-19.0734,0.0600,-1.0000,9.3900,1.1875,0.3125,164.8750,28.7500,8.2500,24.3750,-0.4700,-1.4400,-0.3700,-0.3300,0.6600,9.7700,1,1
4642,1538,57036774,3.188,-8.062,91.413,80.750,-0.191,-1.311,0.604,99647.37,35.07,-94.208,-94.908,-18.7682,-0.6100,-0.5100,9.1800,-1.6250,-2.1875,116.8750,30.2500,-0.8750,23.5625,-0.4700,-1.1700,-0.5900,-0.1400,0.6600,9.7800,1,1
4654,1542,57157048,4.250,-8.000,78.009,68.750,0.049,0.838,-0.081,99621.98,35.07,-94.226,-94.901,-18.9438,-0.1600,-1.0100,9.3500,-0.3125,-4.2500,98.0000,29.8750,-6.0625,22.7500,-0.2100,-1.6500,-0.4200,0.0400,0.6400,9.7800,1,1
4666,1546,57277098,5.125,-7.750,66.172,58.062,-0.180,0.121,-1.561,99630.45,35.08,-94.255,-94.896,-18.8441,-0.0100,-0.4600,9.2000,-0.2500,-1.9375,81.3750,28.5000,-12.3750,23.1875,-0.2200,-1.0700,-0.5700,0.2000,0.6000,9.7800,1,1
4678,1550,57397329,5.938,-7.500,56.090,49.062,0.008,0.737,0.320,99623.17,35.07,-94.232,-94.879,-18.9675,-0.3100,-0.5700,9.3900,0.6875,-3.1250,57.8750,26.1875,-15.6875,22.7500,-0.6500,-1.1300,-0.3800,0.3300,0.5600,9.7800,1,1
4690,1554,57516461,6.000,-7.312,50.012,48.688,-0.108,-0.954,0.960,99643.14,35.08,-94.194,-94.863,-18.9548,-0.1000,-0.4100,9.3300,-0.5000,2.8125,-49.8125,25.7500,-18.0000,22.0000,-0.5600,-1.3300,-0.4400,0.3400,0.5200,9.7800,1,1
4700,1557,57616476,4.875,-6.438,51.939,56.312,-0.174,-0.717,-0.579,99640.34,35.09,-94.221,-94.865,-19.0281,-0.4200,-0.2200,9.3800,-4.1875,14.1250,-170.5625,24.6875,-19.0625,22.7500,0.2000,-0.8900,-0.4600,0.1200,0.3700,9.7900,1,1
4711,1561,57727436,4.000,-6.750,63.114,75.500,-0.367,-1.203,-0.777,99646.09,35.09,-94.249,-94.860,-18.8735,-0.9900,-0.8600,9.3300,7.0000,-6.5625,-168.0000,28.5000,-10.8750,22.3750,0.2300,-2.1500,-0.4500,0.0000,0.4300,9.7900,1,1
4721,1564,57827395,3.188,-6.750,77.290,91.000,-0.255,0.554,-1.883,99625.33,35.08,-94.286,-94.865,-18.9720,-1.5200,-0.2900,9.4400,-0.8125,3.2500,-151.1250,31.0000,-1.6875,21.5625,-1.5400,-1.6400,-0.4200,-0.1400,0.4300,9.7900,1,1
4732,1568,57937688,2.188,-6.375,93.285,107.312,-0.156,0.186,0.728,99629.67,35.10,-94.267,-94.850,-18.9223,-0.9800,-0.5600,9.3100,-0.5625,-0.6250,-185.8125,30.2500,5.7500,22.0000,-0.6700,-0.9200,-0.4800,-0.3100,0.3600,9.7900,1,1
4742,1571,58037838,1.688,-5.688,109.787,126.062,-0.046,-0.814,2.768,99641.49,35.06,-94.186,-94.838,-19.0473,0.4800,-1.2700,9.2800,-0.4375,-0.1875,-175.6250,26.5625,15.0000,23.1875,0.8800,-1.5200,-0.5000,-0.3900,0.2500,9.7900,1,1
4754,1575,58158057,1.250,-4.375,135.258,156.562,-0.152,-0.651,-1.398,99639.57,35.07,-94.210,-94.849,-18.9620,-1.9100,0.0200,9.3300,1.0625,0.8125,-194.6250,19.8750,24.2500,23.1875,-1.4300,0.0000,-0.4600,-0.4700,0.0200,9.7900,1,1
4766,1579,58278048,1.188,-3.750,157.239,170.250,-0.193,-0.427,-0.494,99636.92,35.07,-94.230,-94.858,-19.0009,-0.6800,-1.4200,9.2900,0.3750,0.6875,-82.9375,4.6875,31.2500,23.1875,-0.1900,-1.3300,-0.4900,-0.4800,-0.0900,9.7900,1,1
4778,1583,58398299,1.312,-3.312,170.907,179.188,-0.323,-0.505,-1.119,99637.84,35.08,-94.274,-94.873,-19.1022,0.5400,-1.2100,9.3100,-0.1250,0.3750,-63.8750,-0.5000,30.8750,22.0000,1.0100,-1.0400,-0.4800,-0.4700,-0.1600,9.7900,1,1
4790,1587,58517478,1.625,-2.312,-173.492,201.562,-0.605,-1.556,-1.912,99650.26,35.09,-94.335,-94.889,-19.1055,-0.7100,-0.0400,9.3400,-1.0000,3.6250,-218.0625,-3.7500,30.8750,22.7500,-0.2100,0.2200,-0.4500,-0.4100,-0.3300,9.7900,1,1
4802,1591,58638493,2.000,-1.812,-156.210,213.625,-0.399,0.756,-0.018,99622.95,35.08,-94.401,-94.908,-19.0582,-0.3700,-1.3300,9.3200,-0.1250,0.3125,-52.0000,-17.8750,25.0000,22.7500,-0.0200,-0.9100,-0.4600,-0.3400,-0.4100,9.7900,1,1
4812,1594,58738679,2.438,-1.562,-146.703,222.125,-0.338,0.168,1.652,99629.90,35.08,-94.382,-94.910,-19.1277,-1.2000,-0.5700,9.3900,1.8125,-4.5000,-136.6250,-19.0000,24.2500,23.1875,-0.9300,-0.1000,-0.4000,-0.2700,-0.4600,9.7900,1,1
4823,1598,58848689,3.188,-1.062,-133.417,238.438,-0.446,-0.135,-0.901,99633.48,35.08,-94.422,-94.918,-18.9916,0.5300,-1.4200,9.2700,-1.6875,0.3750,-138.6250,-26.3750,17.8750,22.7500,0.6700,-0.8700,-0.5100,-0.1400,-0.5400,9.7900,1,1
4835,1602,58967474,4.188,-0.875,-117.121,254.375,-0.412,-0.283,1.455,99635.22,35.07,-94.421,-94.917,-19.0433,-1.1300,-0.9600,9.3500,-1.6250,-1.8125,-124.5625,-29.6875,12.7500,22.7500,-0.7200,-0.1800,-0.4200,0.0500,-0.5800,9.7800,1,1
4847,1606,59088840,4.438,-0.938,-105.777,258.875,-0.346,-0.580,0.250,99638.73,35.08,-94.409,-94.918,-19.0169,-0.3400,-0.9700,9.3200,0.7500,1.8750,18.6250,-30.8750,5.0000,24.0000,-0.4200,-0.3900,-0.4600,0.0800,-0.5700,9.7800,1,1
4859,1610,59209311,3.250,-1.125,-108.732,241.875,-0.012,0.915,1.841,99621.06,35.10,-94.374,-94.911,-18.9773,-0.4500,-1.8300,9.3000,0.2500,3.5625,233.0000,-32.0000,6.0625,23.1875,-0.3200,-1.2900,-0.4800,-0.1200,-0.5400,9.7900,1,1
4870,1613,59315474,2.250,-1.438,-123.037,224.250,-0.348,-0.498,-0.765,99637.76,35.05,-94.408,-94.926,-19.3291,-0.3100,-0.7500,9.5700,-1.0625,1.9375,176.4375,-26.7500,15.7500,22.7500,0.0000,-0.2600,-0.2100,-0.3300,-0.4900,9.7800,1,1
4881,1616,59418466,-0.438,-2.000,-140.219,204.250,-0.096,1.100,-0.940,99618.88,35.05,-94.404,-94.918,-18.7714,-0.5100,-1.0800,8.9800,-4.1250,21.3750,191.8125,-21.5625,22.7500,23.1875,-0.3900,0.4100,-1.3300,-0.7600,-0.3900,9.7600,1,1
4892,1620,59529209,-0.500,-3.062,-158.718,186.875,-0.053,0.259,1.651,99628.81,35.06,-94.361,-94.898,-18.9211,-0.6500,-1.4400,9.1500,-1.1250,-20.0000,97.8750,-8.1875,30.8750,22.3750,0.1200,-1.2300,-0.6100,-0.7700,-0.2000,9.7700,1,1
4904,1624,59649508,1.375,-4.250,-178.016,164.875,0.024,0.679,0.252,99623.86,35.08,-94.339,-94.877,-18.8752,-0.7600,-1.1400,9.1800,-0.3750,-1.2500,233.4375,-0.8750,31.6875,22.7500,-0.3000,-1.1400,-0.6000,-0.4500,0.0000,9.7900,1,1
4916,1628,59768482,1.938,-5.188,160.100,143.250,-0.017,0.262,-0.333,99628.78,35.08,-94.310,-94.877,-19.1434,0.1100,-0.8700,9.4000,2.7500,-5.9375,164.7500,11.3750,30.1875,23.5625,1.3000,-0.8800,-0.5200,-0.3500,0.1600,9.7900,1,1
4926,1631,59868473,1.938,-5.375,145.076,134.062,-0.054,-0.063,0.193,99632.62,35.08,-94.293,-94.873,-18.6398,-0.1500,-0.5500,8.9100,-1.6875,-5.0000,121.8125,20.2500,24.2500,21.5625,0.2800,-0.8900,-0.4800,-0.3400,0.2200,9.7900,1,1
4937,1635,59979853,3.000,-6.125,128.872,115.188,-0.150,0.204,-1.521,99629.47,35.08,-94.318,-94.881,-19.0879,-0.3000,-0.3900,9.4000,0.1250,-2.6250,131.5000,26.5625,16.5000,24.0000,-0.1200,-0.7200,-0.3900,-0.1700,0.3200,9.7900,1,1
4949,1639,60099860,2.188,-6.375,112.379,101.250,-0.070,0.613,0.337,99624.63,35.09,-94.309,-94.872,-19.0108,-0.5100,-0.9100,9.3600,2.0625,25.1875,103.8125,30.2500,9.0625,22.7500,-0.2000,-1.2800,-0.4300,-0.3100,0.3600,9.7900,1,1
4961,1643,60219476,2.438,-6.750,99.037,90.000,0.030,-0.246,1.140,99634.78,35.08,-94.243,-94.856,-19.0113,-0.0500,-0.6300,9.3100,-0.5000,-1.8125,79.8125,30.2500,4.2500,24.0000,0.2200,-1.2000,-0.4600,-0.2700,0.4300,9.7900,1,1
4973,1647,60340301,3.062,-6.375,87.535,80.125,-0.175,-0.959,-1.734,99643.21,35.09,-94.256,-94.855,-18.9691,-0.2800,-0.8600,9.3100,-0.3750,-1.1875,36.5000,30.5625,-3.5625,24.7500,-0.1200,-1.2300,-0.4800,-0.1600,0.3600,9.7900,1,1
4985,1651,60460674,2.938,-4.938,81.902,80.562,-0.137,-0.274,0.268,99635.11,35.09,-94.260,-94.857,-18.9446,-0.8100,-0.7000,9.2900,0.4375,1.5625,-49.0625,28.7500,-6.5000,24.3750,-0.6300,-0.8200,-0.5000,-0.1800,0.1200,9.8000,1,1
4997,1655,60580248,4.125,-4.250,83.951,88.438,-0.069,-0.497,0.611,99637.74,35.09,-94.231,-94.870,-21.7598,6.7700,0.0400,11.5100,-38.3125,-42.1250,-105.0625,29.8750,-3.5625,24.3750,6.7400,0.0500,1.7000,0.0200,-0.0100,9.8000,1,1
5009,1659,60700696,4.062,-4.312,91.999,97.375,-0.195,0.714,-1.885,99623.45,35.09,-94.294,-94.878,-19.0056,0.0100,-0.8800,9.3100,-0.2500,0.0625,-15.8750,31.0000,1.2500,23.1875,0.0000,-0.8900,-0.4800,0.0100,0.0100,9.8000,1,1
5021,1663,60819487,4.000,-3.125,96.003,97.625,-0.043,0.397,1.927,99627.19,35.08,-94.247,-94.870,-19.0325,-0.1400,-0.8600,9.3300,0.0000,0.0625,-1.1250,30.5625,4.2500,23.5625,-0.1300,-0.6600,-0.4700,-0.0100,-0.2100,9.8000,1,1
5031,1666,60920454,3.875,-2.250,97.148,97.812,-0.321,-0.417,-1.294,99636.80,35.09,-94.291,-94.880,-19.0261,-0.1200,-0.8500,9.3100,0.0625,-0.0625,-0.8750,30.2500,2.7500,23.5625,-0.0800,-0.5300,-0.4500,-0.0300,-0.3400,9.8000,1,1
5043,1670,61040858,3.750,-1.688,97.701,98.000,-0.087,-0.291,2.189,99635.31,35.09,-94.242,-94.875,-19.0339,-0.1100,-0.8500,9.3100,0.0625,0.0000,-1.3750,30.2500,3.8750,23.1875,-0.0600,-0.4000,-0.4800,-0.0400,-0.4400,9.7900,1,1
5055,1674,61161336,3.688,-1.250,97.960,98.125,-0.041,-0.845,2.270,99641.86,35.09,-94.194,-94.870,-19.0408,-0.1500,-0.9500,9.3200,-0.4375,-0.0625,-1.8750,30.5625,3.5000,23.1875,-0.0900,-0.4300,-0.4600,-0.0500,-0.5100,9.7900,1,1
5067,1678,61280211,3.688,-1.000,98.247,98.500,0.063,0.743,-1.434,99623.11,35.09,-94.220,-94.879,-19.0598,-0.1200,-0.8400,9.3300,0.0625,0.0625,-1.1875,29.8750,4.2500,23.1875,-0.0600,-0.2900,-0.4700,-0.0600,-0.5600,9.7900,1,1
5079,1682,61401421,3.625,-0.750,98.575,98.875,-0.033,0.219,-1.011,99629.29,35.10,-94.217,-94.883,-19.0510,-0.0900,-0.8700,9.3200,0.0000,0.0000,-0.5000,30.2500,5.0000,23.1875,-0.0200,-0.2700,-0.4600,-0.0600,-0.6000,9.7800,1,1
5091,1686,61520466,3.625,-0.562,98.870,99.062,-0.097,-0.302,0.182,99635.45,35.10,-94.209,-94.886,-19.0842,-0.0800,-0.8300,9.3500,-0.1250,0.0625,-1.8125,30.2500,4.2500,24.3750,-0.0100,-0.2000,-0.4200,-0.0700,-0.6300,9.7800,1,1
5103,1690,61641434,3.562,-0.438,99.232,99.500,-0.183,-0.139,-0.335,99633.52,35.10,-94.234,-94.897,-19.1281,-0.1400,-0.7900,9.3900,-0.1250,0.1250,-0.5000,29.8750,5.0000,22.7500,-0.0500,-0.2200,-0.5100,-0.0700,-0.6500,9.7800,1,1
5115,1694,61761873,3.562,-0.312,99.641,99.875,-0.094,0.708,-0.536,99623.52,35.09,-94.251,-94.902,-18.9417,-0.0900,-0.9100,9.2100,0.0625,0.0000,-0.3750,31.0000,5.0000,24.0000,-0.0100,-0.2300,-0.5600,-0.0700,-0.6800,9.7800,1,1
5125,1697,61861865,3.562,-0.188,99.875,100.062,-0.310,-1.039,0.354,99644.15,35.10,-94.261,-94.907,-19.0272,-0.1400,-0.8200,9.2900,0.0000,-0.0625,-0.2500,31.0000,5.3750,23.1875,-0.0600,-0.1200,-0.4800,-0.0800,-0.6900,9.7800,1,1
5136,1701,61971466,3.562,-0.125,100.233,100.438,0.023,0.996,1.316,99620.11,35.11,-94.241,-94.907,-19.0549,-0.1100,-0.8600,9.3200,0.0000,0.0625,-0.1875,31.7500,5.0000,23.5625,-0.0100,-0.1400,-0.4500,-0.0800,-0.7000,9.7800,1,1
5148,1705,62091897,3.500,-0.062,100.571,100.750,-0.163,0.504,-2.049,99625.92,35.10,-94.278,-94.918,-19.0579,-0.0900,-0.8400,9.3200,0.0000,0.1875,-0.5000,31.0000,4.5625,23.1875,0.0000,-0.1200,-0.4500,-0.0800,-0.7200,9.7700,1,1
5160,1709,62212418,3.500,0.000,100.699,100.750,-0.356,0.037,-1.502,99631.44,35.12,-94.327,-94.932,-19.0474,-0.0900,-0.8500,9.3100,0.0625,-0.0625,-0.0625,30.5625,3.8750,23.5625,0.0000,-0.1200,-0.4600,-0.0800,-0.7300,9.7700,1,1
5172,1713,62331947,3.500,0.062,100.736,100.750,-0.450,-0.532,-0.373,99638.16,35.10,-94.359,-94.944,-19.0463,-0.0900,-0.8700,9.3100,0.0000,-0.0625,0.0000,30.5625,4.5625,24.3750,-0.0500,-0.1000,-0.4500,-0.0800,-0.7400,9.7700,1,1
5184,1717,62452483,3.500,0.125,100.746,100.750,-0.369,0.978,-0.909,99620.33,35.12,-94.422,-94.959,-19.0370,-0.1100,-0.8600,9.3000,0.0000,0.0000,0.0625,29.5625,4.5625,23.1875,-0.0200,-0.1000,-0.4600,-0.0900,-0.7500,9.7700,1,1
5196,1721,62571483,3.500,0.188,100.749,100.750,-0.413,-0.254,0.090,99634.88,35.09,-94.422,-94.962,-19.0583,-0.1100,-0.8400,9.3200,0.0000,0.0625,-0.1250,30.5625,3.8750,23.1875,-0.0100,-0.1100,-0.4400,-0.0900,-0.7600,9.7700,1,1
5208,1725,62692688,3.500,0.188,100.750,100.750,-0.471,-0.307,0.070,99635.51,35.10,-94.456,-94.973,-19.0471,-0.1200,-0.8600,9.3100,-0.0625,0.0000,0.1250,30.5625,3.8750,23.5625,-0.0300,-0.0900,-0.4600,-0.0900,-0.7600,9.7700,1,1
5220,1729,62812579,3.500,0.250,100.750,100.750,-0.147,0.198,2.993,99629.54,35.11,-94.405,-94.966,-19.0666,-0.1200,-0.8700,9.3300,-0.1250,-0.1875,0.1875,30.5625,3.8750,23.1875,-0.0300,-0.0900,-0.4200,-0.0900,-0.7700,9.7700,1,1
5232,1733,62932576,3.500,0.312,100.750,100.750,-0.376,-1.076,-0.900,99644.59,35.11,-94.420,-94.973,-19.0984,-0.1100,-0.8400,9.3600,0.0000,0.1250,0.0625,30.2500,4.2500,23.1875,-0.0200,-0.0700,-0.4500,-0.0900,-0.7800,9.7700,1,1
5244,1737,63052853,3.500,0.312,100.750,100.750,-0.006,0.131,1.494,99630.34,35.11,-94.380,-94.968,-19.0485,-0.1200,-0.8400,9.3100,-0.0625,-0.1250,0.1875,30.5625,4.5625,23.1875,-0.0300,-0.0600,-0.4500,-0.0900,-0.7800,9.7700,1,1
5256,1741,63172461,3.500,0.312,100.750,100.750,-0.090,-0.394,-0.483,99636.52,35.11,-94.372,-94.969,-19.0579,-0.1300,-0.8500,9.3200,0.0625,0.0000,0.1875,29.8750,4.2500,23.5625,0.0000,-0.0800,-0.4100,-0.0900,-0.7800,9.7700,1,1
5268,1745,63293306,3.500,0.312,100.750,100.750,-0.204,-0.663,-0.782,99639.70,35.11,-94.385,-94.976,-19.0477,-0.0900,-0.8500,9.3100,-0.0625,0.0625,-0.1250,29.8750,4.2500,24.7500,0.0000,-0.0700,-0.4600,-0.0900,-0.7800,9.7700,1,1
5